# lag   <C(lag)>_blocks   <C_norm(lag)>_blocks
       0   1.264067126108E-02   1.000000000000E+00
       1   1.210835307830E-02   9.576911631572E-01
       2   1.071071689470E-02   8.465207565079E-01
       3   8.885656325617E-03   7.014073888004E-01
       4   7.060724670023E-03   5.564450279173E-01
       5   5.498487367212E-03   4.325310897523E-01
       6   4.284802693140E-03   3.364136277873E-01
       7   3.389457249918E-03   2.655678428020E-01
       8   2.735714907698E-03   2.138048396065E-01
       9   2.247637169920E-03   1.750800958437E-01
      10   1.871731429934E-03   1.452080978953E-01
      11   1.578873909094E-03   1.219684018700E-01
      12   1.354579123756E-03   1.042688947750E-01
      13   1.187281359966E-03   9.117680813391E-02
      14   1.063169106960E-03   8.152491071033E-02
      15   9.672473685855E-04   7.403946708778E-02
      16   8.860538105493E-04   6.759489924512E-02
      17   8.104707434986E-04   6.145744855540E-02
      18   7.341711839752E-04   5.517570198311E-02
      19   6.519031834851E-04   4.842783948538E-02
      20   5.607236202381E-04   4.107243955410E-02
      21   4.587988695351E-04   3.301974438370E-02
      22   3.436378291433E-04   2.407538346273E-02
      23   2.133672504343E-04   1.404982283961E-02
      24   7.095326294069E-05   3.120833247436E-03
      25  -7.203517996386E-05  -7.842209806823E-03
      26  -1.969060721708E-04  -1.738192600303E-02
      27  -2.865136148221E-04  -2.413244598935E-02
      28  -3.346552799032E-04  -2.756348428785E-02
      29  -3.464096939174E-04  -2.803647627481E-02
      30  -3.304651077994E-04  -2.624548006952E-02
      31  -2.922523022213E-04  -2.269454345001E-02
      32  -2.331770847995E-04  -1.761550851253E-02
      33  -1.562803676527E-04  -1.135119874332E-02
      34  -6.859810343838E-05  -4.485244915397E-03
      35   2.278675285705E-05   2.484994514096E-03
      36   1.155497804764E-04   9.508238855917E-03
      37   2.130992239880E-04   1.700793362357E-02
      38   3.187903387132E-04   2.536645370788E-02
      39   4.303071478525E-04   3.441531955715E-02
      40   5.393315417213E-04   4.338574692368E-02
      41   6.358649861434E-04   5.130739753481E-02
      42   7.129016734666E-04   5.746385519367E-02
      43   7.657848102064E-04   6.141208225216E-02
      44   7.912458552729E-04   6.293601943710E-02
      45   7.892856183041E-04   6.216893365454E-02
      46   7.646585350021E-04   5.963400048691E-02
      47   7.255585074907E-04   5.606300834034E-02
      48   6.813602982380E-04   5.219644729825E-02
      49   6.406850427135E-04   4.867735899265E-02
      50   6.101007851698E-04   4.601647382544E-02
      51   5.917304089240E-04   4.443631537695E-02
      52   5.808058010641E-04   4.365036684692E-02
      53   5.674201559977E-04   4.292576702197E-02
      54   5.402809076601E-04   4.132336883494E-02
      55   4.894702001649E-04   3.793573684009E-02
      56   4.098368165183E-04   3.221660326543E-02
      57   3.050715715815E-04   2.434919562780E-02
      58   1.904605250117E-04   1.547606558743E-02
      59   8.875793859135E-05   7.373460373165E-03
      60   1.811192855690E-05   1.515244015633E-03
      61  -1.853112218613E-05  -1.745164872646E-03
      62  -3.477376570070E-05  -3.310495007558E-03
      63  -5.379568104155E-05  -4.880047473648E-03
      64  -9.843451379518E-05  -8.240543845524E-03
      65  -1.820247948504E-04  -1.452421787145E-02
      66  -3.014887672776E-04  -2.359707144075E-02
      67  -4.376371788602E-04  -3.402671064538E-02
      68  -5.626631753024E-04  -4.365936018324E-02
      69  -6.544560920585E-04  -5.077378625178E-02
      70  -7.126923153110E-04  -5.536058328549E-02
      71  -7.584628067814E-04  -5.908920014124E-02
      72  -8.183702399176E-04  -6.403689984062E-02
      73  -9.060190787396E-04  -7.121197251994E-02
      74  -1.010573974730E-03  -7.966124652256E-02
      75  -1.099613850756E-03  -8.673812235762E-02
      76  -1.139358460878E-03  -8.973816160182E-02
      77  -1.114598039554E-03  -8.749278825945E-02
      78  -1.035336018341E-03  -8.086875723840E-02
      79  -9.309569281355E-04  -7.224283667021E-02
      80  -8.371693975685E-04  -6.442145492298E-02
      81  -7.813691516872E-04  -5.949956988399E-02
      82  -7.726842460506E-04  -5.814875537203E-02
      83  -8.036008950476E-04  -5.980678936893E-02
      84  -8.585428463762E-04  -6.335260995937E-02
      85  -9.207013356434E-04  -6.758623649590E-02
      86  -9.766714189143E-04  -7.152636438484E-02
      87  -1.018077134257E-03  -7.451844190395E-02
      88  -1.038750708803E-03  -7.603930354312E-02
      89  -1.032024696713E-03  -7.551227816035E-02
      90  -9.927231214318E-04  -7.248098386678E-02
      91  -9.206489467112E-04  -6.690711491427E-02
      92  -8.250609188090E-04  -5.953188464874E-02
      93  -7.276353342095E-04  -5.208251547768E-02
      94  -6.555297176866E-04  -4.669040135906E-02
      95  -6.270068834497E-04  -4.475351364683E-02
      96  -6.425756427703E-04  -4.625752947590E-02
      97  -6.850057503122E-04  -4.980070562814E-02
      98  -7.242881770168E-04  -5.302291678776E-02
      99  -7.323300699102E-04  -5.377740357229E-02
     100  -6.988254253212E-04  -5.134371110523E-02
     101  -6.284219264163E-04  -4.616485387255E-02
     102  -5.292438291790E-04  -3.890813703856E-02
     103  -4.052955713732E-04  -2.986088277857E-02
     104  -2.561726142474E-04  -1.892506175595E-02
     105  -8.091163391572E-05  -5.942311652503E-03
     106   1.195517879910E-04   9.085854059292E-03
     107   3.406681950569E-04   2.584440143768E-02
     108   5.702703750067E-04   4.339549682927E-02
     109   7.859759123590E-04   5.998827227100E-02
     110   9.611618297822E-04   7.353139341087E-02
     111   1.078076328278E-03   8.261456910901E-02
     112   1.133629428116E-03   8.696729290767E-02
     113   1.136286091706E-03   8.722453318392E-02
     114   1.101229440617E-03   8.455522501695E-02
     115   1.042572335444E-03   8.005710985791E-02
     116   9.685154160183E-04   7.436888559770E-02
     117   8.851046064388E-04   6.795328212475E-02
     118   7.981995322387E-04   6.125742124801E-02
     119   7.113537147275E-04   5.455049572882E-02
     120   6.259125772058E-04   4.793373969566E-02
     121   5.451120157839E-04   4.167039432028E-02
     122   4.755963109548E-04   3.629926229856E-02
     123   4.230319307224E-04   3.226393713895E-02
     124   3.886162407237E-04   2.961830171695E-02
     125   3.707399577864E-04   2.817405480671E-02
     126   3.660616690336E-04   2.764273838699E-02
     127   3.682525642062E-04   2.758014402311E-02
     128   3.697125468722E-04   2.748695901389E-02
     129   3.626806347332E-04   2.682997536848E-02
     130   3.380207987164E-04   2.492406951185E-02
     131   2.879833598195E-04   2.115808844743E-02
     132   2.101519810496E-04   1.531833640046E-02
     133   1.076645464622E-04   7.623468059487E-03
     134  -8.871972402800E-06  -1.123504590607E-03
     135  -1.196488373048E-04  -9.399214382522E-03
     136  -1.996524004718E-04  -1.525955719585E-02
     137  -2.293674884712E-04  -1.717382057351E-02
     138  -2.055718265326E-04  -1.489042708399E-02
     139  -1.403103604870E-04  -9.380537470554E-03
     140  -4.977378766818E-05  -1.962484357356E-03
     141   5.278577817365E-05   6.280411480456E-03
     142   1.548406217288E-04   1.434997157268E-02
     143   2.422716779572E-04   2.115306956375E-02
     144   3.024918174958E-04   2.572611768380E-02
     145   3.292878058818E-04   2.760454548110E-02
     146   3.259508926597E-04   2.708618867619E-02
     147   3.057910577420E-04   2.527948273329E-02
     148   2.862943354663E-04   2.362346319884E-02
     149   2.741791614382E-04   2.269490116305E-02
     150   2.563494442780E-04   2.148072759953E-02
     151   2.122279456009E-04   1.832538786992E-02
     152   1.355230964400E-04   1.264973998010E-02
     153   4.136103655618E-05   5.553712433994E-03
     154  -4.586965762653E-05  -1.111319002431E-03
     155  -1.096779833008E-04  -6.090292910622E-03
     156  -1.497557664674E-04  -9.371840220288E-03
     157  -1.760322044340E-04  -1.172227969266E-02
     158  -1.990649389059E-04  -1.394154590679E-02
     159  -2.259509569523E-04  -1.656824277086E-02
     160  -2.598007523624E-04  -1.984740529343E-02
     161  -2.978333986699E-04  -2.353650258276E-02
     162  -3.306732964233E-04  -2.681407034635E-02
     163  -3.508095937434E-04  -2.897728735592E-02
     164  -3.610901541077E-04  -3.018249229877E-02
     165  -3.697648433614E-04  -3.109252253939E-02
     166  -3.786952621239E-04  -3.190633688434E-02
     167  -3.772783517729E-04  -3.180841214238E-02
     168  -3.496450222477E-04  -2.951129888037E-02
     169  -2.884845183888E-04  -2.439822026143E-02
     170  -2.004422194884E-04  -1.701103299871E-02
     171  -1.006226487071E-04  -8.611467650465E-03
     172  -3.682542093696E-06  -4.393837285158E-04
     173   8.333632450488E-05   6.881330551862E-03
     174   1.641280027508E-04   1.360641376252E-02
     175   2.484583664881E-04   2.049178299151E-02
     176   3.424302730709E-04   2.798429390943E-02
     177   4.397654339187E-04   3.552173262758E-02
     178   5.180058934953E-04   4.128025560036E-02
     179   5.461286100431E-04   4.283254187244E-02
     180   5.010770157630E-04   3.847041608809E-02
     181   3.830148488591E-04   2.836715890739E-02
     182   2.195239713426E-04   1.483824780158E-02
     183   5.650761808216E-05   1.575394105562E-03
     184  -6.535544672527E-05  -8.204248603948E-03
     185  -1.342036490810E-04  -1.359867940297E-02
     186  -1.696266204752E-04  -1.620960484179E-02
     187  -2.027946385946E-04  -1.854336905142E-02
     188  -2.548650092167E-04  -2.228633425338E-02
     189  -3.323801680710E-04  -2.794874992714E-02
     190  -4.329412894937E-04  -3.534226383833E-02
     191  -5.492355082208E-04  -4.391564632871E-02
     192  -6.711023940150E-04  -5.290309670529E-02
     193  -7.889118830641E-04  -6.156892289234E-02
     194  -8.957213260351E-04  -6.938673988937E-02
     195  -9.863907622183E-04  -7.599020736586E-02
     196  -1.053414731152E-03  -8.084360995319E-02
     197  -1.087056934222E-03  -8.321981850216E-02
     198  -1.084586538082E-03  -8.289451388184E-02
     199  -1.055544306618E-03  -8.058542432664E-02
     200  -1.018640385677E-03  -7.774835083645E-02
     201  -9.939093391357E-04  -7.597419512027E-02
     202  -9.961841425988E-04  -7.645711256441E-02
     203  -1.030083765379E-03  -7.956458808317E-02
     204  -1.084338403253E-03  -8.436931903055E-02
     205  -1.134130832473E-03  -8.882998214635E-02
     206  -1.156770444513E-03  -9.104357154033E-02
     207  -1.144255143841E-03  -9.029621661264E-02
     208  -1.103756543073E-03  -8.715050016093E-02
     209  -1.049650463545E-03  -8.278746960634E-02
     210  -9.903708808913E-04  -7.791703647754E-02
     211  -9.233255590682E-04  -7.235546827213E-02
     212  -8.414862011186E-04  -6.558035918709E-02
     213  -7.428437298713E-04  -5.751620394795E-02
     214  -6.348832282060E-04  -4.885941445466E-02
     215  -5.299778906389E-04  -4.065053872965E-02
     216  -4.388077513025E-04  -3.371388743237E-02
     217  -3.674552164532E-04  -2.845486679447E-02
     218  -3.177508833359E-04  -2.496847155859E-02
     219  -2.907535720397E-04  -2.334908688580E-02
     220  -2.861057256578E-04  -2.362025615350E-02
     221  -2.993341511335E-04  -2.546690177038E-02
     222  -3.214695265890E-04  -2.814438563833E-02
     223  -3.419699538096E-04  -3.068336073457E-02
     224  -3.533585396770E-04  -3.230621427889E-02
     225  -3.538260172769E-04  -3.274377206085E-02
     226  -3.451977547279E-04  -3.215279448583E-02
     227  -3.303687328452E-04  -3.090965796618E-02
     228  -3.141216657759E-04  -2.960726902000E-02
     229  -3.035585188026E-04  -2.897091931700E-02
     230  -3.050058982373E-04  -2.950861518154E-02
     231  -3.211614462277E-04  -3.128584910710E-02
     232  -3.527166217721E-04  -3.415340535751E-02
     233  -3.987653761336E-04  -3.791470834231E-02
     234  -4.549092927675E-04  -4.225455951979E-02
     235  -5.143621419757E-04  -4.678571845485E-02
     236  -5.694639284392E-04  -5.106230196328E-02
     237  -6.111474167788E-04  -5.444775419511E-02
     238  -6.289309337331E-04  -5.607057182995E-02
     239  -6.123971951682E-04  -5.496588730830E-02
     240  -5.554333094722E-04  -5.050026021148E-02
     241  -4.637638369255E-04  -4.304592103661E-02
     242  -3.571168191872E-04  -3.417298552683E-02
     243  -2.615611101819E-04  -2.601784280082E-02
     244  -1.978926044047E-04  -2.031373400039E-02
     245  -1.744635351617E-04  -1.777199578117E-02
     246  -1.890687370482E-04  -1.822746917291E-02
     247  -2.330041909431E-04  -2.101141641243E-02
     248  -2.908784195172E-04  -2.497104045167E-02
     249  -3.439980600623E-04  -2.870912455798E-02
     250  -3.784683933129E-04  -3.119757736713E-02
     251  -3.918418935763E-04  -3.229168954127E-02
     252  -3.913188973368E-04  -3.256948833714E-02
     253  -3.856249321228E-04  -3.266934268948E-02
     254  -3.774595692047E-04  -3.270402034581E-02
     255  -3.626169379183E-04  -3.224144778811E-02
     256  -3.379622210213E-04  -3.097550048475E-02
     257  -3.105585377463E-04  -2.944069485199E-02
     258  -2.962886652772E-04  -2.886981820613E-02
     259  -3.082186779132E-04  -3.025206114138E-02
     260  -3.452735637198E-04  -3.344940446647E-02
     261  -3.915655974372E-04  -3.718106289228E-02
     262  -4.260846885786E-04  -3.982113525181E-02
     263  -4.332886936826E-04  -4.022709840754E-02
     264  -4.092873092214E-04  -3.816250680780E-02
     265  -3.616395222507E-04  -3.420865638015E-02
     266  -3.031665785637E-04  -2.926490022221E-02
     267  -2.463000900988E-04  -2.416331986294E-02
     268  -2.017558448951E-04  -1.965854198063E-02
     269  -1.784630910011E-04  -1.648733676297E-02
     270  -1.795878407355E-04  -1.505712751166E-02
     271  -1.971205064449E-04  -1.497199279448E-02
     272  -2.144028473681E-04  -1.515527141053E-02
     273  -2.154749237670E-04  -1.451876898238E-02
     274  -1.898228034533E-04  -1.229983051452E-02
     275  -1.361547605565E-04  -8.338725862758E-03
     276  -6.641005219630E-05  -3.430283058301E-03
     277  -9.633629169143E-07   9.574995624485E-04
     278   4.543128918194E-05   3.719951430815E-03
     279   7.179346288125E-05   4.787249515541E-03
     280   8.830527553783E-05   5.006273580479E-03
     281   1.095593766136E-04   5.663572299303E-03
     282   1.480710143642E-04   7.928276653679E-03
     283   2.109495102290E-04   1.247626305276E-02
     284   2.959101741940E-04   1.912646472152E-02
     285   3.892721422780E-04   2.671956501904E-02
     286   4.725504634331E-04   3.369003464963E-02
     287   5.322368400461E-04   3.888642435340E-02
     288   5.639309262601E-04   4.192285542795E-02
     289   5.697542716705E-04   4.295961074643E-02
     290   5.509636802401E-04   4.209449251661E-02
     291   5.063960682839E-04   3.920550075973E-02
     292   4.387929836751E-04   3.442779837203E-02
     293   3.579190839641E-04   2.843333681238E-02
     294   2.757291221817E-04   2.212082449705E-02
     295   1.994083368056E-04   1.611721322876E-02
     296   1.324231506705E-04   1.083644621510E-02
     297   8.039136114054E-05   6.854372507622E-03
     298   4.947687543314E-05   4.703856010424E-03
     299   4.114257605558E-05   4.436453471938E-03
     300   4.769222325807E-05   5.311011444554E-03
     301   5.324522708257E-05   5.941003461657E-03
     302   4.170893859173E-05   4.985733032494E-03
     303   5.729825610300E-06   1.892650378531E-03
     304  -4.839003329087E-05  -2.727982465519E-03
     305  -1.025853996131E-04  -7.307450542553E-03
     306  -1.347444505594E-04  -9.984873880009E-03
     307  -1.281336576861E-04  -9.385783028422E-03
     308  -7.804492959958E-05  -5.153904533198E-03
     309   6.584751440091E-06   1.941606401983E-03
     310   1.053452615234E-04   1.022286110936E-02
     311   1.930544234846E-04   1.765452581778E-02
     312   2.492363380338E-04   2.258690733219E-02
     313   2.656288897821E-04   2.434454801635E-02
     314   2.473405730064E-04   2.331729224266E-02
     315   2.092997725745E-04   2.067690273583E-02
     316   1.704105777757E-04   1.790586335528E-02
     317   1.454926905400E-04   1.616404578383E-02
     318   1.363770661036E-04   1.561842102307E-02
     319   1.304402492271E-04   1.534079424239E-02
     320   1.094220312822E-04   1.395153489364E-02
     321   5.763381924032E-05   1.019988428835E-02
     322  -3.229903472506E-05   3.404429557909E-03
     323  -1.526011124941E-04  -5.957185359339E-03
     324  -2.785992146242E-04  -1.603500318184E-02
     325  -3.784953942137E-04  -2.430682788593E-02
     326  -4.276235200012E-04  -2.868219604007E-02
     327  -4.196596758517E-04  -2.844973560532E-02
     328  -3.685474760679E-04  -2.455030675795E-02
     329  -3.016124270834E-04  -1.911997319325E-02
     330  -2.472575680611E-04  -1.449980217874E-02
     331  -2.241727133457E-04  -1.229304057982E-02
     332  -2.353173109585E-04  -1.282542223740E-02
     333  -2.664082054236E-04  -1.502599550252E-02
     334  -2.904855751796E-04  -1.681075928085E-02
     335  -2.798655851026E-04  -1.603189839565E-02
     336  -2.200718294470E-04  -1.157054723759E-02
     337  -1.164397893134E-04  -3.849752393748E-03
     338   8.527279998445E-06   5.383419932905E-03
     339   1.238389425858E-04   1.374972765904E-02
     340   2.011900028034E-04   1.910393484130E-02
     341   2.198583322108E-04   1.989086119084E-02
     342   1.670776978591E-04   1.514089008282E-02
     343   3.974513734263E-05   4.595275853782E-03
     344  -1.516411331413E-04  -1.096015905955E-02
     345  -3.810142625855E-04  -2.950498640132E-02
     346  -6.139660170057E-04  -4.832438131046E-02
     347  -8.190711171124E-04  -6.490943687993E-02
     348  -9.756602116851E-04  -7.760288733642E-02
     349  -1.076076429810E-03  -8.578608383303E-02
     350  -1.123371996809E-03  -8.969197083871E-02
     351  -1.127407902212E-03  -9.009360243706E-02
     352  -1.101783112997E-03  -8.806274594842E-02
     353  -1.059227632075E-03  -8.461272079681E-02
     354  -1.006279680639E-03  -8.027832825509E-02
     355  -9.425465319940E-04  -7.504641339251E-02
     356  -8.654069556416E-04  -6.872745298046E-02
     357  -7.770085186797E-04  -6.152720955650E-02
     358  -6.864217818581E-04  -5.423142745180E-02
     359  -6.047731523917E-04  -4.781420216321E-02
     360  -5.403587682591E-04  -4.301752328665E-02
     361  -4.975425661891E-04  -4.020264126819E-02
     362  -4.744850385320E-04  -3.913049043507E-02
     363  -4.614468494674E-04  -3.885108113560E-02
     364  -4.441087598431E-04  -3.803564360856E-02
     365  -4.132563387419E-04  -3.579914886566E-02
     366  -3.725905634606E-04  -3.234766146487E-02
     367  -3.343638408880E-04  -2.865793094367E-02
     368  -3.080319189898E-04  -2.558305529360E-02
     369  -2.974267448489E-04  -2.358593791853E-02
     370  -3.057607178505E-04  -2.309649923955E-02
     371  -3.409471322936E-04  -2.492155664251E-02
     372  -4.166367665669E-04  -3.029983059012E-02
     373  -5.438984722783E-04  -4.019582269686E-02
     374  -7.147602773275E-04  -5.396780792852E-02
     375  -8.942656142422E-04  -6.874269943868E-02
     376  -1.035223004720E-03  -8.060393512014E-02
     377  -1.102967557335E-03  -8.660223902338E-02
     378  -1.091002213585E-03  -8.606607484100E-02
     379  -1.017375729228E-03  -8.036365890559E-02
     380  -9.084172567373E-04  -7.163087749278E-02
     381  -7.898546361187E-04  -6.204154844370E-02
     382  -6.828695387494E-04  -5.343426450924E-02
     383  -6.000425915074E-04  -4.690652211642E-02
     384  -5.423299010066E-04  -4.254022136351E-02
     385  -4.993992004180E-04  -3.947751199033E-02
     386  -4.534678978561E-04  -3.627900162320E-02
     387  -3.902523854067E-04  -3.179213069205E-02
     388  -3.140170802583E-04  -2.632819186731E-02
     389  -2.495951056113E-04  -2.180655091688E-02
     390  -2.235315705555E-04  -2.022746884173E-02
     391  -2.398218096153E-04  -2.174813446211E-02
     392  -2.771844811108E-04  -2.452877483202E-02
     393  -3.062229221989E-04  -2.619932145982E-02
     394  -3.050780224802E-04  -2.516990254727E-02
     395  -2.658172373844E-04  -2.107894822774E-02
     396  -1.931746460783E-04  -1.455003513088E-02
     397  -1.021855439576E-04  -6.890799966725E-03
     398  -1.507571605825E-05   1.738131787921E-04
     399   4.794624838815E-05   5.172005069156E-03
     400   7.801905177822E-05   7.537986881170E-03
     401   7.950138466842E-05   7.679922930993E-03
     402   6.445759841604E-05   6.501233219721E-03
     403   4.456146623435E-05   4.801187513954E-03
     404   2.577215161024E-05   2.958643887371E-03
     405   7.194031805205E-06   9.180159967573E-04
     406  -1.667153216205E-05  -1.659645606750E-03
     407  -5.155170048446E-05  -5.130035983024E-03
     408  -9.750559870997E-05  -9.427632717577E-03
     409  -1.446150231423E-04  -1.369659822931E-02
     410  -1.751851699688E-04  -1.643965214250E-02
     411  -1.704357161227E-04  -1.607129788415E-02
     412  -1.159567177930E-04  -1.141395931955E-02
     413  -2.799614535186E-06  -1.834645874476E-03
     414   1.720359959562E-04   1.272665135528E-02
     415   3.979101904073E-04   3.122156948988E-02
     416   6.418293387361E-04   5.090268952425E-02
     417   8.541819921661E-04   6.784049042105E-02
     418   9.889048808314E-04   7.851787928259E-02
     419   1.024492795826E-03   8.140993164040E-02
     420   9.721574266363E-04   7.749703245500E-02
     421   8.681345701465E-04   6.957514903603E-02
     422   7.569224575591E-04   6.097014334759E-02
     423   6.744891691418E-04   5.434471916515E-02
     424   6.436939584997E-04   5.144709990225E-02
     425   6.767188983889E-04   5.332714928300E-02
     426   7.716147933226E-04   6.001259278904E-02
     427   9.082498994494E-04   7.009125865594E-02
     428   1.051223200892E-03   8.086825340531E-02
     429   1.162277660477E-03   8.934149695908E-02
     430   1.217079709920E-03   9.356994615554E-02
     431   1.213105634337E-03   9.332333793054E-02
     432   1.160911405728E-03   8.938773968091E-02
     433   1.070392513242E-03   8.247939594839E-02
     434   9.460064051782E-04   7.288799256642E-02
     435   7.901944798347E-04   6.078742338362E-02
     436   6.097786668685E-04   4.675777038828E-02
     437   4.177751301224E-04   3.189608404897E-02
     438   2.291573116520E-04   1.743250420471E-02
     439   5.834458344071E-05   4.519806566835E-03
     440  -7.779344903813E-05  -5.512985500569E-03
     441  -1.596989883566E-04  -1.115181071664E-02
     442  -1.718457838903E-04  -1.127362275690E-02
     443  -1.103030413416E-04  -5.758082696774E-03
     444   1.338091322193E-05   4.277093498942E-03
     445   1.743618479172E-04   1.675218519136E-02
     446   3.423171026391E-04   2.930458112011E-02
     447   4.905513177296E-04   4.000881106194E-02
     448   6.024565799747E-04   4.783146163999E-02
     449   6.710731519932E-04   5.251751274855E-02
     450   6.942406674412E-04   5.412235235433E-02
     451   6.706086361323E-04   5.262129578662E-02
     452   6.001177832043E-04   4.790836537295E-02
     453   4.857964834740E-04   3.996774773565E-02
     454   3.342641893789E-04   2.901135340524E-02
     455   1.560459175561E-04   1.562763681510E-02
     456  -3.261366930818E-05   1.020845964824E-03
     457  -2.069919116576E-04  -1.276196667304E-02
     458  -3.364890029736E-04  -2.311389072259E-02
     459  -3.957629602434E-04  -2.784432308398E-02
     460  -3.777496059708E-04  -2.627912868346E-02
     461  -2.978622209375E-04  -1.963578914220E-02
     462  -1.853207357320E-04  -1.033387886942E-02
     463  -6.830974108870E-05  -7.468815890684E-04
     464   3.495953049077E-05   7.606268710169E-03
     465   1.177189941444E-04   1.419515422842E-02
     466   1.839690707904E-04   1.934553533575E-02
     467   2.449237210343E-04   2.389631352939E-02
     468   3.084977879648E-04   2.840672515474E-02
     469   3.722499058380E-04   3.268471353174E-02
     470   4.262189343896E-04   3.606800280888E-02
     471   4.612796164845E-04   3.804550717998E-02
     472   4.741520139937E-04   3.854490684388E-02
     473   4.699378442532E-04   3.804010766863E-02
     474   4.620413054634E-04   3.752957948292E-02
     475   4.617821958408E-04   3.778142445701E-02
     476   4.681233620698E-04   3.858564488274E-02
     477   4.711919403959E-04   3.904252060770E-02
     478   4.600684354663E-04   3.821356307456E-02
     479   4.292514635691E-04   3.569816533594E-02
     480   3.844426662363E-04   3.208607900498E-02
     481   3.397470142652E-04   2.865024969188E-02
     482   3.064499587293E-04   2.638250485878E-02
     483   2.870437224049E-04   2.549638515289E-02
     484   2.786026947223E-04   2.569681834972E-02
     485   2.779930577941E-04   2.658972978876E-02
     486   2.823896304432E-04   2.773619594955E-02
     487   2.863818666831E-04   2.848235840645E-02
     488   2.792319276012E-04   2.783629333330E-02
     489   2.469075748592E-04   2.470363591829E-02
     490   1.802328187629E-04   1.853034887629E-02
     491   8.318243261242E-05   9.877274254693E-03
     492  -2.453367937303E-05   5.118118572699E-04
     493  -1.153904560246E-04  -7.286629529640E-03
     494  -1.645020561335E-04  -1.154815730125E-02
     495  -1.515729645111E-04  -1.071493950944E-02
     496  -6.151690078716E-05  -3.627774841439E-03
     497   1.089930602782E-04   9.973691059902E-03
     498   3.446361984990E-04   2.887040440440E-02
     499   6.107725509548E-04   5.029118766518E-02
     500   8.631227044761E-04   7.068983089248E-02
     501   1.060486205098E-03   8.675888385761E-02
     502   1.173908619587E-03   9.616183253944E-02
     503   1.195542593761E-03   9.824185880468E-02
     504   1.141039784234E-03   9.421765955280E-02
     505   1.039798754137E-03   8.641513197066E-02
     506   9.250024396692E-04   7.745963361113E-02
     507   8.258948107227E-04   6.964838666138E-02
     508   7.605470081019E-04   6.437124698320E-02
     509   7.322866955471E-04   6.183233971800E-02
     510   7.287637930490E-04   6.101414060163E-02
     511   7.217166733724E-04   5.971660757647E-02
     512   6.748780663114E-04   5.519869771017E-02
     513   5.621609769291E-04   4.556696504377E-02
     514   3.818586429715E-04   3.081567538616E-02
     515   1.549199576188E-04   1.262923764510E-02
     516  -8.817509224883E-05  -6.667915775577E-03
     517  -3.191916862694E-04  -2.499757957959E-02
     518  -5.158836848495E-04  -4.074189184340E-02
     519  -6.614067980728E-04  -5.263936899593E-02
     520  -7.451740976527E-04  -5.985247089259E-02
     521  -7.676510739930E-04  -6.235959926628E-02
     522  -7.449295779953E-04  -6.132817553991E-02
     523  -7.034515905640E-04  -5.875008394662E-02
     524  -6.636366626813E-04  -5.621641493698E-02
     525  -6.278336056846E-04  -5.398413871621E-02
     526  -5.841004055834E-04  -5.122154119469E-02
     527  -5.205313594028E-04  -4.705588957695E-02
     528  -4.343590270856E-04  -4.123426046823E-02
     529  -3.283290310438E-04  -3.382279784293E-02
     530  -2.029862727218E-04  -2.464256966100E-02
     531  -5.681264808942E-05  -1.338681393307E-02
     532   1.041847326967E-04  -4.780525057602E-04
     533   2.604860697698E-04   1.244553830794E-02
     534   3.849414578081E-04   2.308219150897E-02
     535   4.542765146889E-04   2.948222612308E-02
     536   4.585141967979E-04   3.082647358762E-02
     537   4.068815136316E-04   2.784183829553E-02
     538   3.284685906682E-04   2.275896481199E-02
     539   2.617113948143E-04   1.845141543239E-02
     540   2.381164166140E-04   1.721343967176E-02
     541   2.676532132736E-04   1.970805221040E-02
     542   3.350575187091E-04   2.474416090347E-02
     543   4.111797084857E-04   3.017146696837E-02
     544   4.677959107139E-04   3.399533288851E-02
     545   4.876385311400E-04   3.507919678315E-02
     546   4.667001939418E-04   3.322565388911E-02
     547   4.124724026350E-04   2.899455194738E-02
     548   3.427481389600E-04   2.366816729414E-02
     549   2.828780673164E-04   1.913840469418E-02
     550   2.562173458149E-04   1.720869072564E-02
     551   2.718746656816E-04   1.862265184397E-02
     552   3.219418692814E-04   2.280112214800E-02
     553   3.899490180352E-04   2.845923900595E-02
     554   4.601328152819E-04   3.432754315042E-02
     555   5.204545011326E-04   3.943007582408E-02
     556   5.624576110732E-04   4.310972964808E-02
     557   5.812115642391E-04   4.499202166567E-02
     558   5.755111597959E-04   4.493357841002E-02
     559   5.452489582952E-04   4.282029398892E-02
     560   4.873345789291E-04   3.832049837696E-02
     561   3.997070884539E-04   3.122539240248E-02
     562   2.826196751824E-04   2.155181590060E-02
     563   1.380474068730E-04   9.502051938981E-03
     564  -2.523088174864E-05  -4.137953403973E-03
     565  -1.889115147581E-04  -1.777924034664E-02
     566  -3.307379529584E-04  -2.948333168505E-02
     567  -4.318453794532E-04  -3.760096819287E-02
     568  -4.796049953039E-04  -4.106122619736E-02
     569  -4.673282361622E-04  -3.935720801591E-02
     570  -3.945976057744E-04  -3.255805829096E-02
     571  -2.708747518874E-04  -2.158359825105E-02
     572  -1.187314395608E-04  -8.419256158851E-03
     573   3.232644100669E-05   4.419976469722E-03
     574   1.567584292847E-04   1.477882008789E-02
     575   2.394688898362E-04   2.139828525048E-02
     576   2.808565527577E-04   2.434058048505E-02
     577   2.994801581153E-04   2.519644868323E-02
     578   3.212182371198E-04   2.618594889679E-02
     579   3.601817264011E-04   2.859318594232E-02
     580   4.107682323007E-04   3.209594200163E-02
     581   4.563515472263E-04   3.544050566374E-02
     582   4.820254612624E-04   3.746791455343E-02
     583   4.796426937162E-04   3.752984998959E-02
     584   4.450862811658E-04   3.526270494318E-02
     585   3.755263565266E-04   3.035537875449E-02
     586   2.692683372229E-04   2.256441541955E-02
     587   1.293144436286E-04   1.204540118050E-02
     588  -3.126697259005E-05  -2.001791488618E-04
     589  -1.886767858878E-04  -1.228072655239E-02
     590  -3.113275775796E-04  -2.167717124024E-02
     591  -3.653129329743E-04  -2.570897921940E-02
     592  -3.231692114671E-04  -2.223994239144E-02
     593  -1.718262005179E-04  -1.031351127351E-02
     594   8.011663585828E-05   9.286026745698E-03
     595   3.996175732176E-04   3.387047254400E-02
     596   7.403528488132E-04   5.978939010800E-02
     597   1.055265800114E-03   8.347246608267E-02
     598   1.302942131710E-03   1.019461369123E-01
     599   1.454684108634E-03   1.133221241274E-01
     600   1.503039767367E-03   1.173082605947E-01
     601   1.463610580671E-03   1.151900460485E-01
     602   1.363369023762E-03   1.088820990331E-01
     603   1.230434937815E-03   1.002096221850E-01
     604   1.088285130986E-03   9.060919231401E-02
     605   9.521737849279E-04   8.100898805131E-02
     606   8.271618505491E-04   7.174519058441E-02
     607   7.065647962011E-04   6.239911424731E-02
     608   5.792844898456E-04   5.227943120470E-02
     609   4.441986949116E-04   4.147389862033E-02
     610   3.145542892670E-04   3.114289748543E-02
     611   2.084834835948E-04   2.274014012356E-02
     612   1.397663965247E-04   1.729067177973E-02
     613   1.157069572218E-04   1.527937975942E-02
     614   1.384142262383E-04   1.682725681272E-02
     615   2.041315049294E-04   2.168770028635E-02
     616   2.983008707373E-04   2.882286185143E-02
     617   3.935769205173E-04   3.613428069102E-02
     618   4.568266949505E-04   4.093962283827E-02
     619   4.570677136502E-04   4.065291444520E-02
     620   3.724033676872E-04   3.345498100672E-02
     621   2.005977044844E-04   1.919545517767E-02
     622  -3.348284501364E-05  -5.867331335344E-05
     623  -2.855147235958E-04  -2.069812264394E-02
     624  -5.122691211790E-04  -3.923180051083E-02
     625  -6.865978145106E-04  -5.347799296073E-02
     626  -7.975781797557E-04  -6.256200784242E-02
     627  -8.457075311221E-04  -6.652566332405E-02
     628  -8.410734689215E-04  -6.618988175013E-02
     629  -8.002292363765E-04  -6.291771916623E-02
     630  -7.406776106710E-04  -5.817257567019E-02
     631  -6.745876612641E-04  -5.301038307776E-02
     632  -6.058633496803E-04  -4.781563645149E-02
     633  -5.313346229872E-04  -4.233014992777E-02
     634  -4.449941150419E-04  -3.595928488303E-02
     635  -3.445405142327E-04  -2.835404673243E-02
     636  -2.337746044772E-04  -1.971773072403E-02
     637  -1.169263032032E-04  -1.042211346676E-02
     638   8.998472243663E-06  -3.507981352951E-04
     639   1.570308630751E-04   1.142920072247E-02
     640   3.422737038150E-04   2.609514577919E-02
     641   5.626350903628E-04   4.353930187044E-02
     642   7.913212538509E-04   6.170504946432E-02
     643   9.912566492612E-04   7.763624851840E-02
     644   1.135908730491E-03   8.909939216678E-02
     645   1.218790949968E-03   9.542729287112E-02
     646   1.251447476277E-03   9.747560070022E-02
     647   1.256580644443E-03   9.709237182481E-02
     648   1.254102846764E-03   9.595919497657E-02
     649   1.249801125999E-03   9.464718047386E-02
     650   1.238679441817E-03   9.284325222592E-02
     651   1.216426298413E-03   9.024032994517E-02
     652   1.187344641098E-03   8.720188148854E-02
     653   1.165439021397E-03   8.489556064223E-02
     654   1.168416746656E-03   8.481174571975E-02
     655   1.207493269308E-03   8.792083378313E-02
     656   1.277590334601E-03   9.386686842669E-02
     657   1.350567605481E-03   1.004150473402E-01
     658   1.382845723521E-03   1.040524205548E-01
     659   1.339721096598E-03   1.019072566680E-01
     660   1.216109226491E-03   9.338114288733E-02
     661   1.032338645369E-03   7.985954573844E-02
     662   8.132737509928E-04   6.315706175617E-02
     663   5.737464482236E-04   4.443538552947E-02
     664   3.211168557075E-04   2.438573149902E-02
     665   6.655726422484E-05   4.034636173457E-03
     666  -1.695268108304E-04  -1.490886941544E-02
     667  -3.631631171374E-04  -3.053816134811E-02
     668  -4.979865169814E-04  -4.160224361900E-02
     669  -5.690229824292E-04  -4.773261701889E-02
     670  -5.778228638330E-04  -4.900691028319E-02
     671  -5.288236181660E-04  -4.567407042658E-02
     672  -4.280241229012E-04  -3.811779048590E-02
     673  -2.861059996049E-04  -2.715420961064E-02
     674  -1.279796110035E-04  -1.477660537875E-02
     675   8.686742744173E-06  -4.014978510251E-03
     676   9.176181024069E-05   2.533017142376E-03
     677   1.098382304451E-04   3.949297016895E-03
     678   7.375170207559E-05   1.128981181763E-03
     679   7.441346797322E-06  -3.989819768748E-03
     680  -7.101756933804E-05  -9.949166840901E-03
     681  -1.622846373162E-04  -1.677074867780E-02
     682  -2.736938831925E-04  -2.502741966761E-02
     683  -4.042867754362E-04  -3.470340548525E-02
     684  -5.438529004823E-04  -4.511361617374E-02
     685  -6.823699634910E-04  -5.557920456356E-02
     686  -8.151783525309E-04  -6.576360299842E-02
     687  -9.370835096012E-04  -7.518266028392E-02
     688  -1.032017858842E-03  -8.244210546688E-02
     689  -1.070785547097E-03  -8.516735424031E-02
     690  -1.026861678480E-03  -8.132153898839E-02
     691  -8.997201634377E-04  -7.101816147770E-02
     692  -7.254074772342E-04  -5.723147709625E-02
     693  -5.663938672501E-04  -4.487484281892E-02
     694  -4.838938846558E-04  -3.862987280275E-02
     695  -5.084704599527E-04  -4.075079135629E-02
     696  -6.304408062234E-04  -5.041114331474E-02
     697  -8.115197615441E-04  -6.465410525712E-02
     698  -1.003114308573E-03  -7.979014321617E-02
     699  -1.163521749760E-03  -9.262850568517E-02
     700  -1.264868849913E-03  -1.009477613616E-01
     701  -1.297459114273E-03  -1.038477562031E-01
     702  -1.268212885780E-03  -1.017106963202E-01
     703  -1.192183230069E-03  -9.564281398662E-02
     704  -1.087644272815E-03  -8.713151127148E-02
     705  -9.760579716594E-04  -7.799645934988E-02
     706  -8.789630858623E-04  -7.005803396021E-02
     707  -8.118981096011E-04  -6.457445740149E-02
     708  -7.811910414679E-04  -6.197109075732E-02
     709  -7.821533110624E-04  -6.176773834569E-02
     710  -7.996495094431E-04  -6.271241392782E-02
     711  -8.144025494468E-04  -6.332068235035E-02
     712  -8.088750969080E-04  -6.233106851226E-02
     713  -7.715570470674E-04  -5.899583182222E-02
     714  -7.055434306368E-04  -5.367579323525E-02
     715  -6.312215703915E-04  -4.800503600877E-02
     716  -5.736241459401E-04  -4.390580433318E-02
     717  -5.469640452702E-04  -4.240110950580E-02
     718  -5.519332971805E-04  -4.342974745700E-02
     719  -5.814118447877E-04  -4.633034755026E-02
     720  -6.267264935479E-04  -5.035533025877E-02
     721  -6.825733106728E-04  -5.504269000849E-02
     722  -7.475724635395E-04  -6.024751741251E-02
     723  -8.213692083527E-04  -6.593610505669E-02
     724  -9.016782365889E-04  -7.197515121096E-02
     725  -9.840872334835E-04  -7.808680561609E-02
     726  -1.056060087613E-03  -8.333829570909E-02
     727  -1.094377143423E-03  -8.594349886627E-02
     728  -1.080280097570E-03  -8.447493625228E-02
     729  -1.021820739706E-03  -7.960089935624E-02
     730  -9.592214827858E-04  -7.446295024080E-02
     731  -9.473856369090E-04  -7.329219069601E-02
     732  -1.029750520702E-03  -7.940794473560E-02
     733  -1.217569914985E-03  -9.365637748604E-02
     734  -1.479973310872E-03  -1.136611458666E-01
     735  -1.754255371268E-03  -1.345905761378E-01
     736  -1.973592240138E-03  -1.512593987303E-01
     737  -2.093694051231E-03  -1.601996444153E-01
     738  -2.108124059057E-03  -1.608771434159E-01
     739  -2.044045309713E-03  -1.553946423885E-01
     740  -1.943481274828E-03  -1.470829729127E-01
     741  -1.844104110911E-03  -1.390280796260E-01
     742  -1.764134944579E-03  -1.328189644857E-01
     743  -1.698115592919E-03  -1.280528432358E-01
     744  -1.629060302249E-03  -1.231947635903E-01
     745  -1.546044889975E-03  -1.170784138675E-01
     746  -1.456701839523E-03  -1.100902968417E-01
     747  -1.380137338170E-03  -1.037019015080E-01
     748  -1.321038423043E-03  -9.839962960025E-02
     749  -1.260277643709E-03  -9.283760457263E-02
     750  -1.174773095912E-03  -8.530382135304E-02
     751  -1.058439261984E-03  -7.535823779936E-02
     752  -9.180010797447E-04  -6.355375250399E-02
     753  -7.524372777910E-04  -4.985030671774E-02
     754  -5.470046215823E-04  -3.312374057123E-02
     755  -2.866348367061E-04  -1.221406588086E-02
     756   2.722927998662E-05   1.272159376412E-02
     757   3.671086823084E-04   3.947571400518E-02
     758   6.851333986937E-04   6.429924808503E-02
     759   9.328528877801E-04   8.347782749636E-02
     760   1.081343075991E-03   9.482839470846E-02
     761   1.127529197458E-03   9.808513232597E-02
     762   1.093019805061E-03   9.478462241852E-02
     763   1.015768317997E-03   8.769585826831E-02
     764   9.297328962961E-04   7.935690644106E-02
     765   8.470451039720E-04   7.077892536646E-02
     766   7.598317973639E-04   6.156135149804E-02
     767   6.495458084672E-04   5.051263043219E-02
     768   4.984426961677E-04   3.648319142787E-02
     769   3.078163923097E-04   1.977348136916E-02
     770   1.079664429624E-04   2.899869520122E-03
     771  -5.095268299895E-05  -1.012477013114E-02
     772  -1.180631899478E-04  -1.529001165127E-02
     773  -6.342730633417E-05  -1.032992907290E-02
     774   1.020000118442E-04   3.651943190367E-03
     775   3.198180346769E-04   2.167735545864E-02
     776   5.005299605594E-04   3.632020698804E-02
     777   5.621133545139E-04   4.093940317017E-02
     778   4.703222610838E-04   3.294844995253E-02
     779   2.488981938610E-04   1.455531175489E-02
     780  -4.013260963935E-05  -8.983142950401E-03
     781  -3.248666978507E-04  -3.179729888219E-02
     782  -5.547321910473E-04  -4.991864009913E-02
     783  -7.163454693206E-04  -6.246907318501E-02
     784  -8.213385210810E-04  -7.060229781069E-02
     785  -8.843052925025E-04  -7.563487192965E-02
     786  -9.145355733993E-04  -7.830329688349E-02
     787  -9.240588571792E-04  -7.940197385638E-02
     788  -9.351020948263E-04  -8.046932959832E-02
     789  -9.725202912307E-04  -8.330890440108E-02
     790  -1.045763112530E-03  -8.861032349976E-02
     791  -1.139859388090E-03  -9.522567233034E-02
     792  -1.223773262170E-03  -1.008191370737E-01
     793  -1.263469453179E-03  -1.028907867925E-01
     794  -1.232480207461E-03  -9.955503612627E-02
     795  -1.120333863254E-03  -9.009830984116E-02
     796  -9.361771192612E-04  -7.520503482955E-02
     797  -7.043991623479E-04  -5.668869895982E-02
     798  -4.616721824665E-04  -3.737921739254E-02
     799  -2.502632439691E-04  -2.061682687309E-02
     800  -1.012984672638E-04  -8.843674354271E-03
     801  -2.054007700210E-05  -2.410729422299E-03
     802   1.069540865500E-05   3.053041159664E-04
     803   2.276133293526E-05   1.769564040479E-03
     804   4.159255406537E-05   3.945817839284E-03
     805   7.692681466429E-05   7.405790803485E-03
     806   1.217132506001E-04   1.137987975275E-02
     807   1.617106728388E-04   1.460070753286E-02
     808   1.855153694180E-04   1.613906364680E-02
     809   1.873143006881E-04   1.561305217887E-02
     810   1.628162682607E-04   1.282325132348E-02
     811   1.089338491550E-04   7.678535060425E-03
     812   3.043408950554E-05   7.007909874003E-04
     813  -5.698900618730E-05  -6.716774371028E-03
     814  -1.300876761998E-04  -1.259521741556E-02
     815  -1.655113081088E-04  -1.503646404260E-02
     816  -1.490836697178E-04  -1.302057988532E-02
     817  -8.849015702092E-05  -7.365064687466E-03
     818  -1.103422057446E-05  -4.532975255735E-04
     819   5.605200196299E-05   5.382379594830E-03
     820   9.559167708840E-05   8.688467391565E-03
     821   9.545703209657E-05   8.489633029876E-03
     822   4.157711919761E-05   3.700240821174E-03
     823  -8.095791766071E-05  -6.803394532845E-03
     824  -2.808203566389E-04  -2.358637933117E-02
     825  -5.477704427974E-04  -4.563254425484E-02
     826  -8.419361040388E-04  -6.958558569744E-02
     827  -1.100760354456E-03  -9.043862547335E-02
     828  -1.265835968449E-03  -1.036787354818E-01
     829  -1.311624534071E-03  -1.074555203349E-01
     830  -1.250845757886E-03  -1.029060991113E-01
     831  -1.118123654357E-03  -9.281128277840E-02
     832  -9.508616413543E-04  -8.007352047175E-02
     833  -7.793070654370E-04  -6.695600835275E-02
     834  -6.249485409196E-04  -5.500941693925E-02
     835  -4.974043191481E-04  -4.489635723100E-02
     836  -3.859872544765E-04  -3.579070211007E-02
     837  -2.644640274648E-04  -2.574265215741E-02
     838  -1.189146896714E-04  -1.377187035950E-02
     839   2.686124902408E-05  -1.776881435587E-03
     840   1.167065998670E-04   5.868233951444E-03
     841   9.729796320963E-05   4.993954819673E-03
     842  -4.502926609190E-05  -5.509416272559E-03
     843  -2.854974059581E-04  -2.369776607812E-02
     844  -5.851108682849E-04  -4.640935357044E-02
     845  -9.053660343564E-04  -7.049573634662E-02
     846  -1.211143698582E-03  -9.318358744549E-02
     847  -1.472980501029E-03  -1.122966919822E-01
     848  -1.670191213871E-03  -1.264160385327E-01
     849  -1.789836596189E-03  -1.346874303623E-01
     850  -1.824605184336E-03  -1.366022266817E-01
     851  -1.775293540134E-03  -1.322068720652E-01
     852  -1.656696526233E-03  -1.226155554174E-01
     853  -1.495973887202E-03  -1.099150527831E-01
     854  -1.319950632498E-03  -9.618717708239E-02
     855  -1.147369822091E-03  -8.289402943469E-02
     856  -9.937426157841E-04  -7.123439392007E-02
     857  -8.744160798088E-04  -6.238147047304E-02
     858  -7.973429606666E-04  -5.692774586517E-02
     859  -7.569494221582E-04  -5.439403135498E-02
     860  -7.362851892036E-04  -5.339050768908E-02
     861  -7.146552872337E-04  -5.224950818784E-02
     862  -6.857942696977E-04  -5.047967997194E-02
     863  -6.658291397129E-04  -4.941306615649E-02
     864  -6.846897014776E-04  -5.149148968886E-02
     865  -7.664525404768E-04  -5.864868217729E-02
     866  -9.127642195593E-04  -7.095629304998E-02
     867  -1.101462111786E-03  -8.647895349958E-02
     868  -1.292113627458E-03  -1.017639070699E-01
     869  -1.433694616592E-03  -1.126114348458E-01
     870  -1.483910490964E-03  -1.157341459700E-01
     871  -1.424910976793E-03  -1.100046715582E-01
     872  -1.260462031886E-03  -9.610782231146E-02
     873  -1.006607517059E-03  -7.561656632052E-02
     874  -6.928076161147E-04  -5.095195900595E-02
     875  -3.625197460870E-04  -2.546264107948E-02
     876  -6.352159683470E-05  -2.806938464526E-03
     877   1.689382079505E-04   1.427535348382E-02
     878   3.228173499863E-04   2.485300254181E-02
     879   3.991130127663E-04   2.915277047619E-02
     880   4.111125850401E-04   2.848831880902E-02
     881   3.860696313396E-04   2.529108972377E-02
     882   3.553085788927E-04   2.223176371260E-02
     883   3.436061659261E-04   2.128198339531E-02
     884   3.626917371063E-04   2.318187092529E-02
     885   4.081413155624E-04   2.731995201617E-02
     886   4.661736138756E-04   3.241459566420E-02
     887   5.193366073576E-04   3.704714678309E-02
     888   5.433930107247E-04   3.944687813796E-02
     889   5.127508928501E-04   3.780262958072E-02
     890   4.188641428236E-04   3.149626467687E-02
     891   2.826538914924E-04   2.200762047245E-02
     892   1.512291414663E-04   1.275525450712E-02
     893   7.967246674352E-05   7.780994026862E-03
     894   9.918902884279E-05   9.358489965552E-03
     895   1.949289225245E-04   1.632972081478E-02
     896   3.083635731161E-04   2.427188706799E-02
     897   3.627099516777E-04   2.740678804168E-02
     898   3.027638928778E-04   2.165410569879E-02
     899   1.228489206258E-04   6.781711088587E-03
     900  -1.363802775225E-04  -1.390072922169E-02
     901  -4.243115717606E-04  -3.640011662074E-02
     902  -7.120014901663E-04  -5.846769255840E-02
     903  -9.860886933015E-04  -7.908922498003E-02
     904  -1.230801153731E-03  -9.707210807860E-02
     905  -1.419264997126E-03  -1.104145381082E-01
     906  -1.522322679365E-03  -1.170575387613E-01
     907  -1.525155493013E-03  -1.161686783886E-01
     908  -1.435067642170E-03  -1.086275311850E-01
     909  -1.276053863107E-03  -9.643294220870E-02
     910  -1.077365242637E-03  -8.171801768454E-02
     911  -8.654229136296E-04  -6.617127369500E-02
     912  -6.591792321833E-04  -5.083814053784E-02
     913  -4.651339730432E-04  -3.592639876779E-02
     914  -2.781951107114E-04  -2.098404095896E-02
     915  -9.034418690884E-05  -5.558966693963E-03
     916   1.015164090125E-04   1.028737761852E-02
     917   2.887378157749E-04   2.556549531071E-02
     918   4.509495297697E-04   3.845545980087E-02
     919   5.663085001721E-04   4.717754998697E-02
     920   6.254288007139E-04   5.107821194761E-02
     921   6.364022438857E-04   5.092706821064E-02
     922   6.102555258572E-04   4.768974401482E-02
     923   5.537962688657E-04   4.191797653114E-02
     924   4.747539588984E-04   3.422697355426E-02
     925   3.913592803102E-04   2.622301070899E-02
     926   3.421193290144E-04   2.132065011338E-02
     927   3.790358328873E-04   2.398956399708E-02
     928   5.368294947660E-04   3.705787550812E-02
     929   8.036565074885E-04   5.936207097575E-02
     930   1.123443196059E-03   8.607263363262E-02
     931   1.425865883562E-03   1.112316509746E-01
     932   1.656976935089E-03   1.302915370349E-01
     933   1.786957121887E-03   1.408064949239E-01
     934   1.807898845179E-03   1.422583710875E-01
     935   1.729913782225E-03   1.356619615420E-01
     936   1.570202258833E-03   1.225763533333E-01
     937   1.343136361040E-03   1.042336909570E-01
     938   1.063224561482E-03   8.176988251978E-02
     939   7.473344569373E-04   5.648112840028E-02
     940   4.107483485112E-04   2.957343172277E-02
     941   6.798197070325E-05   2.178622406880E-03
     942  -2.647670900451E-04  -2.451335520532E-02
     943  -5.700944035746E-04  -4.926911825898E-02
     944  -8.292061876285E-04  -7.068960658640E-02
     945  -1.027606946818E-03  -8.752353025392E-02
     946  -1.161578330589E-03  -9.918409852705E-02
     947  -1.240576957069E-03  -1.061105644030E-01
     948  -1.285327547863E-03  -1.097928999783E-01
     949  -1.318952228845E-03  -1.120988328864E-01
     950  -1.354816439310E-03  -1.141861411414E-01
     951  -1.379485297124E-03  -1.150488239498E-01
     952  -1.364831743793E-03  -1.124256316187E-01
     953  -1.308344659327E-03  -1.060114483105E-01
     954  -1.233655831960E-03  -9.770890460030E-02
     955  -1.168939604165E-03  -9.003047193370E-02
     956  -1.130283650624E-03  -8.470168334517E-02
     957  -1.109248531458E-03  -8.152586764634E-02
     958  -1.073519480574E-03  -7.827375333653E-02
     959  -9.869267518939E-04  -7.214680322604E-02
     960  -8.373446091715E-04  -6.196479814732E-02
     961  -6.569238931207E-04  -4.984512278979E-02
     962  -5.159838767518E-04  -4.086454323382E-02
     963  -4.913001740348E-04  -4.068325871546E-02
     964  -6.259694831418E-04  -5.244031506974E-02
     965  -9.018440173625E-04  -7.458809474331E-02
     966  -1.240033389131E-03  -1.009097254797E-01
     967  -1.544194423805E-03  -1.238270562554E-01
     968  -1.749900729375E-03  -1.382471359266E-01
     969  -1.838308419520E-03  -1.427362445294E-01
     970  -1.825988001429E-03  -1.388114707013E-01
     971  -1.748120245866E-03  -1.296000778690E-01
     972  -1.635976273021E-03  -1.179535509767E-01
     973  -1.503612177059E-03  -1.052653490643E-01
     974  -1.353568406039E-03  -9.187431392804E-02
     975  -1.191074154574E-03  -7.826215144766E-02
     976  -1.034185512197E-03  -6.588400145102E-02
     977  -9.048855915084E-04  -5.643505194998E-02
     978  -8.139365719663E-04  -5.064774010517E-02
     979  -7.543519711042E-04  -4.784974510664E-02
     980  -7.025731152424E-04  -4.613557032226E-02
     981  -6.253722054238E-04  -4.287164921942E-02
     982  -4.899096809501E-04  -3.535906532113E-02
     983  -2.820837309526E-04  -2.218731456214E-02
     984  -2.426397536892E-05  -4.682419569882E-03
     985   2.307380028203E-04   1.337003886543E-02
     986   4.299778086191E-04   2.792608555553E-02
     987   5.470430410530E-04   3.675201301327E-02
     988   5.848167226107E-04   3.973491270841E-02
     989   5.589523278344E-04   3.772906807229E-02
     990   4.767961203784E-04   3.109349923771E-02
     991   3.384066897686E-04   1.988783947078E-02
     992   1.536805565951E-04   5.135690874700E-03
     993  -4.455199642669E-05  -1.036602417064E-02
     994  -2.095673395194E-04  -2.291731213596E-02
     995  -3.071355117635E-04  -2.997534415326E-02
     996  -3.241987204976E-04  -3.075119021943E-02
     997  -2.699856801617E-04  -2.614941685814E-02
     998  -1.742255277891E-04  -1.850180130360E-02
     999  -7.622204537733E-05  -1.072371990354E-02
    1000  -6.522999405330E-06  -5.052698913926E-03
