# lag   <C(lag)>_blocks   <C_norm(lag)>_blocks
       0   3.682579918561E+02   1.000000000000E+00
       1   3.444161506029E+02   9.351385522200E-01
       2   2.836016593257E+02   7.697193631210E-01
       3   2.095746218475E+02   5.683979368168E-01
       4   1.436801373269E+02   3.892806424209E-01
       5   9.661399162365E+01   2.615081304132E-01
       6   6.909489301313E+01   1.870467202746E-01
       7   5.634439159838E+01   1.528509789558E-01
       8   5.237677413036E+01   1.425499960544E-01
       9   5.249815792190E+01   1.432878221344E-01
      10   5.400347876584E+01   1.476569311255E-01
      11   5.586499640754E+01   1.528583824821E-01
      12   5.794712432869E+01   1.585362725890E-01
      13   6.021585135779E+01   1.646030128631E-01
      14   6.242730126379E+01   1.704154263818E-01
      15   6.428060675082E+01   1.752185471267E-01
      16   6.553400714295E+01   1.784263358831E-01
      17   6.598632978907E+01   1.795092760887E-01
      18   6.549867223637E+01   1.780242631948E-01
      19   6.406424143582E+01   1.738524435076E-01
      20   6.184763466772E+01   1.673882554249E-01
      21   5.904129000835E+01   1.591841608088E-01
      22   5.568439693127E+01   1.494403189921E-01
      23   5.171741767015E+01   1.381099701014E-01
      24   4.723620832379E+01   1.255492804873E-01
      25   4.270298734207E+01   1.130605747013E-01
      26   3.887477981164E+01   1.026977588138E-01
      27   3.635221284908E+01   9.607135164842E-02
      28   3.516529223947E+01   9.323325039889E-02
      29   3.481627104548E+01   9.276221454368E-02
      30   3.471877801354E+01   9.294568603893E-02
      31   3.463541922534E+01   9.301441106263E-02
      32   3.460916524780E+01   9.301642801295E-02
      33   3.458190657928E+01   9.280938680588E-02
      34   3.432001692867E+01   9.184863236253E-02
      35   3.365225912615E+01   8.980219663211E-02
      36   3.269773069763E+01   8.713403316680E-02
      37   3.185055044540E+01   8.502171009716E-02
      38   3.149005659298E+01   8.451398090764E-02
      39   3.170108982261E+01   8.572246318465E-02
      40   3.225481868946E+01   8.779928653702E-02
      41   3.281576807162E+01   8.961819447017E-02
      42   3.308533143574E+01   9.026925907450E-02
      43   3.281103137636E+01   8.911488605336E-02
      44   3.180150714451E+01   8.578714799991E-02
      45   3.000941310069E+01   8.031923657495E-02
      46   2.760623113851E+01   7.327516620039E-02
      47   2.494511017342E+01   6.564751477173E-02
      48   2.242252616338E+01   5.853108109137E-02
      49   2.042370049184E+01   5.300236920672E-02
      50   1.933227999626E+01   5.011977906425E-02
      51   1.935820003514E+01   5.042342759003E-02
      52   2.028188791368E+01   5.324275628899E-02
      53   2.151769955772E+01   5.689005161165E-02
      54   2.240354805767E+01   5.947910970727E-02
      55   2.234111847653E+01   5.936091177212E-02
      56   2.090932388420E+01   5.545985720963E-02
      57   1.814833515257E+01   4.799878936434E-02
      58   1.484001989872E+01   3.916753709361E-02
      59   1.232472147834E+01   3.256760043887E-02
      60   1.170949391139E+01   3.111205170360E-02
      61   1.311647334319E+01   3.511058381282E-02
      62   1.564859580490E+01   4.222296805382E-02
      63   1.791219323303E+01   4.876282505497E-02
      64   1.863048797208E+01   5.123099450520E-02
      65   1.714612342622E+01   4.770147386306E-02
      66   1.374520911712E+01   3.882185232537E-02
      67   9.642805127118E+00   2.784788521991E-02
      68   6.437971136736E+00   1.915300120481E-02
      69   5.195853035356E+00   1.566981843259E-02
      70   5.767260370323E+00   1.699519800062E-02
      71   6.833825887704E+00   1.953956887377E-02
      72   6.721366083397E+00   1.879256224783E-02
      73   4.504680946074E+00   1.233110698377E-02
      74   6.684943747196E-01   1.587830844419E-03
      75  -3.123256385072E+00  -8.804945884457E-03
      76  -4.981784512091E+00  -1.364815897889E-02
      77  -3.906978944208E+00  -1.024239608427E-02
      78  -2.560006153025E-01   3.289481926405E-04
      79   4.525972018900E+00   1.397895115592E-02
      80   8.573848408959E+00   2.551503141081E-02
      81   1.047881542180E+01   3.106941558854E-02
      82   9.867494963136E+00   2.963501374887E-02
      83   7.275857191964E+00   2.266656707074E-02
      84   3.575762228472E+00   1.253747550421E-02
      85  -4.881783201704E-01   1.317991810954E-03
      86  -4.424059930624E+00  -9.577866954437E-03
      87  -7.916750644884E+00  -1.920488914173E-02
      88  -1.065498838702E+01  -2.662267563509E-02
      89  -1.221226077398E+01  -3.060176382548E-02
      90  -1.213003531292E+01  -2.992426203138E-02
      91  -1.022285509337E+01  -2.424655050238E-02
      92  -6.942798326540E+00  -1.501625048894E-02
      93  -3.406096506375E+00  -5.421477019740E-03
      94  -9.319304611253E-01   9.477427282859E-04
      95  -4.862302957775E-01   1.612415184430E-03
      96  -2.271409153499E+00  -3.764482378049E-03
      97  -5.520546702818E+00  -1.292598987337E-02
      98  -8.814887693612E+00  -2.194862620687E-02
      99  -1.094924929703E+01  -2.760236388591E-02
     100  -1.162694634351E+01  -2.919565135450E-02
     101  -1.133191408596E+01  -2.815231255448E-02
     102  -1.061438469262E+01  -2.602447903091E-02
     103  -9.596020328618E+00  -2.315606698914E-02
     104  -8.056107853698E+00  -1.893583735540E-02
     105  -5.698002750145E+00  -1.253418960292E-02
     106  -2.250285144824E+00  -3.194061838894E-03
     107   2.437461282164E+00   9.498921149661E-03
     108   8.110263545486E+00   2.485105293760E-02
     109   1.389095449104E+01   4.046708665557E-02
     110   1.859150975391E+01   5.309568535402E-02
     111   2.136293569713E+01   6.041362377278E-02
     112   2.202287594138E+01   6.192969301850E-02
     113   2.098182458547E+01   5.880524833738E-02
     114   1.897709868964E+01   5.314030821950E-02
     115   1.663555311417E+01   4.673748348868E-02
     116   1.420940153961E+01   4.031079485728E-02
     117   1.176837458604E+01   3.398391291593E-02
     118   9.364691054218E+00   2.776809578449E-02
     119   6.912518075738E+00   2.129247299251E-02
     120   4.226122779898E+00   1.397961427483E-02
     121   1.334644173169E+00   5.952587232049E-03
     122  -1.403400473424E+00  -1.673730773505E-03
     123  -3.485100997080E+00  -7.396151637619E-03
     124  -4.475436757759E+00  -1.000261047754E-02
     125  -4.206042097747E+00  -9.110128298681E-03
     126  -2.904906772831E+00  -5.426997703464E-03
     127  -1.062110157897E+00  -3.091673465176E-04
     128   8.431331008459E-01   4.975093255735E-03
     129   2.427800952169E+00   9.418307118736E-03
     130   3.316493814469E+00   1.200454347398E-02
     131   3.143223481492E+00   1.172948205847E-02
     132   1.599266488546E+00   7.757408805165E-03
     133  -1.454520287959E+00  -2.721323772562E-04
     134  -5.687586792291E+00  -1.146273836288E-02
     135  -1.008002194790E+01  -2.309306900255E-02
     136  -1.323250438277E+01  -3.143812395576E-02
     137  -1.416882375320E+01  -3.389288598351E-02
     138  -1.286538817433E+01  -3.037630107499E-02
     139  -1.006723399189E+01  -2.286574796357E-02
     140  -6.626853191345E+00  -1.365847131757E-02
     141  -3.067122118595E+00  -4.196395037442E-03
     142   2.868363077899E-01   4.610814162844E-03
     143   2.994833480322E+00   1.158520522607E-02
     144   4.496352168620E+00   1.527989866559E-02
     145   4.489754004496E+00   1.497819701675E-02
     146   3.293095857216E+00   1.162050498692E-02
     147   1.850602602677E+00   7.765653628925E-03
     148   1.236747794774E+00   6.228034373588E-03
     149   1.817478804834E+00   7.853906238754E-03
     150   2.801647258611E+00   1.038953847056E-02
     151   2.822302175745E+00   1.010536223537E-02
     152   1.105875186534E+00   4.968148888307E-03
     153  -1.883707385772E+00  -3.633123311465E-03
     154  -4.862074810240E+00  -1.205061228036E-02
     155  -6.748485976393E+00  -1.722408648893E-02
     156  -7.339709953940E+00  -1.858437473816E-02
     157  -7.108717236068E+00  -1.750959673306E-02
     158  -6.633359690187E+00  -1.571880642584E-02
     159  -6.388597207260E+00  -1.464578934382E-02
     160  -6.761340342102E+00  -1.542938821070E-02
     161  -7.789175488832E+00  -1.817757420710E-02
     162  -9.053717418996E+00  -2.169978025560E-02
     163  -1.019292852108E+01  -2.496356889990E-02
     164  -1.134928726244E+01  -2.835198538197E-02
     165  -1.286964022509E+01  -3.281274863261E-02
     166  -1.468987713631E+01  -3.813212446225E-02
     167  -1.606347121258E+01  -4.218012484168E-02
     168  -1.600816570394E+01  -4.216061859469E-02
     169  -1.413891325138E+01  -3.694647278938E-02
     170  -1.101685477854E+01  -2.808430666286E-02
     171  -7.632929901563E+00  -1.838732410907E-02
     172  -4.782586542586E+00  -1.016957933808E-02
     173  -2.757151541605E+00  -4.318247277251E-03
     174  -1.172441892508E+00   2.107065241167E-04
     175   8.556108927848E-01   5.857546140217E-03
     176   4.040639411586E+00   1.454956026272E-02
     177   8.204674102599E+00   2.573244002606E-02
     178   1.217919058998E+01   3.617954982006E-02
     179   1.431241807249E+01   4.143510389340E-02
     180   1.331202487317E+01   3.809739659163E-02
     181   9.133408805021E+00   2.617176769320E-02
     182   3.290357003553E+00   9.854565648682E-03
     183  -1.776172515196E+00  -4.207100157131E-03
     184  -4.082922778198E+00  -1.065985824151E-02
     185  -3.325916952181E+00  -8.753266623692E-03
     186  -8.862040922058E-01  -2.337397710084E-03
     187   1.362950887483E+00   3.449429044298E-03
     188   2.277740777079E+00   5.570740244371E-03
     189   1.713168718422E+00   3.788338990772E-03
     190   9.140120379999E-02  -6.331100717553E-04
     191  -2.099283500419E+00  -6.356572739603E-03
     192  -4.430082586200E+00  -1.228597015600E-02
     193  -6.480723716261E+00  -1.737046697964E-02
     194  -7.981084392561E+00  -2.094938198369E-02
     195  -8.860221180065E+00  -2.287763410523E-02
     196  -9.027441757859E+00  -2.295669572535E-02
     197  -8.254592588816E+00  -2.062463712222E-02
     198  -6.442273538238E+00  -1.563685396174E-02
     199  -3.963964777952E+00  -8.965540030923E-03
     200  -1.594583235773E+00  -2.644431028874E-03
     201  -1.620373256743E-01   1.112561245391E-03
     202  -2.901359333424E-01   5.993145909885E-04
     203  -2.110181586978E+00  -4.569838561784E-03
     204  -4.938000439859E+00  -1.257053887584E-02
     205  -7.418059475591E+00  -1.974495830895E-02
     206  -8.346870844209E+00  -2.279565251511E-02
     207  -7.515499732293E+00  -2.105373882672E-02
     208  -5.682085493037E+00  -1.644226227619E-02
     209  -3.871665094257E+00  -1.166494651036E-02
     210  -2.532041443696E+00  -7.955366741082E-03
     211  -1.321092417298E+00  -4.464076421298E-03
     212   3.833051031845E-01   4.036693201040E-04
     213   2.834662897376E+00   7.249399031187E-03
     214   5.674077706739E+00   1.502616779328E-02
     215   8.285635619746E+00   2.203221251989E-02
     216   1.028081034315E+01   2.726048991261E-02
     217   1.152775922962E+01   3.047648732693E-02
     218   1.199078867932E+01   3.173599840283E-02
     219   1.160637312752E+01   3.094154162367E-02
     220   1.034685570127E+01   2.794514604360E-02
     221   8.369798756452E+00   2.300032954839E-02
     222   6.079822446264E+00   1.706067269093E-02
     223   4.086238663325E+00   1.175325770777E-02
     224   2.891940692649E+00   8.498294460409E-03
     225   2.549326843704E+00   7.488835827333E-03
     226   2.826161544632E+00   8.107829306908E-03
     227   3.572274818488E+00   9.936656445052E-03
     228   4.754959352429E+00   1.286815872922E-02
     229   6.268198926258E+00   1.661263740111E-02
     230   7.858859650906E+00   2.052029273060E-02
     231   9.231583730493E+00   2.386315376995E-02
     232   1.006798142438E+01   2.584223392751E-02
     233   1.009507754060E+01   2.572787139851E-02
     234   9.243639940944E+00   2.329037599260E-02
     235   7.666966784230E+00   1.889492521128E-02
     236   5.623338290133E+00   1.322530979734E-02
     237   3.506260597599E+00   7.372221211473E-03
     238   1.976550660674E+00   3.158439963038E-03
     239   1.804424540151E+00   2.665062484237E-03
     240   3.389218272971E+00   6.944817060792E-03
     241   6.330593182882E+00   1.492600573276E-02
     242   9.517180633489E+00   2.367241681206E-02
     243   1.164995698679E+01   2.973158888697E-02
     244   1.186967483374E+01   3.077824100454E-02
     245   1.011417560320E+01   2.659454542182E-02
     246   6.906639248488E+00   1.852606052088E-02
     247   2.916177943907E+00   8.315115392981E-03
     248  -1.137605375623E+00  -2.149253463592E-03
     249  -4.499017180410E+00  -1.086879374262E-02
     250  -6.655026469274E+00  -1.650161796440E-02
     251  -7.629655989950E+00  -1.916119276783E-02
     252  -7.908360247778E+00  -2.017079360969E-02
     253  -8.029413902405E+00  -2.091227171618E-02
     254  -8.117409695909E+00  -2.158331523478E-02
     255  -7.836665273703E+00  -2.116933149826E-02
     256  -6.884200747815E+00  -1.885732333352E-02
     257  -5.583708481950E+00  -1.562558890907E-02
     258  -4.888037167139E+00  -1.416909145465E-02
     259  -5.641092854364E+00  -1.682486672799E-02
     260  -7.848716994890E+00  -2.355895896575E-02
     261  -1.064603347723E+01  -3.189444662332E-02
     262  -1.287199050556E+01  -3.853397593380E-02
     263  -1.368299419092E+01  -4.108974311340E-02
     264  -1.284223000491E+01  -3.887958018530E-02
     265  -1.073975047448E+01  -3.295497761105E-02
     266  -8.169636780380E+00  -2.548171655903E-02
     267  -5.889961189797E+00  -1.854583660263E-02
     268  -4.406072788490E+00  -1.357984419406E-02
     269  -4.002888138500E+00  -1.146482846682E-02
     270  -4.762881691759E+00  -1.257043377313E-02
     271  -6.416083773471E+00  -1.632538519585E-02
     272  -8.328111972004E+00  -2.116975955007E-02
     273  -9.764476921923E+00  -2.522806505686E-02
     274  -1.010762065346E+01  -2.679580909926E-02
     275  -9.132340184572E+00  -2.502636559044E-02
     276  -7.337655242459E+00  -2.093161722138E-02
     277  -5.855723520648E+00  -1.733549433827E-02
     278  -5.721075633722E+00  -1.703296373086E-02
     279  -7.127900517273E+00  -2.073910382702E-02
     280  -9.302383750463E+00  -2.655754135749E-02
     281  -1.101326635780E+01  -3.119568255980E-02
     282  -1.130170271539E+01  -3.193799436331E-02
     283  -9.896519897501E+00  -2.790449749411E-02
     284  -7.214538141904E+00  -2.017878862469E-02
     285  -4.087601248867E+00  -1.111027736836E-02
     286  -1.326237131734E+00  -3.080466660315E-03
     287   6.975933841765E-01   2.735208884354E-03
     288   2.076653415555E+00   6.523571440449E-03
     289   2.983333526709E+00   8.801038401854E-03
     290   3.385808748285E+00   9.578606637523E-03
     291   3.086644938331E+00   8.403957133832E-03
     292   2.027335613178E+00   5.172940976946E-03
     293   5.278089658241E-01   8.062265036455E-04
     294  -9.037196833257E-01  -3.226249046519E-03
     295  -1.976971469142E+00  -6.009457329781E-03
     296  -2.650786182532E+00  -7.347318050695E-03
     297  -2.829766074093E+00  -7.037616267484E-03
     298  -2.274250375772E+00  -4.645566628433E-03
     299  -8.860436485613E-01  -1.978535603892E-04
     300   9.425999277257E-01   4.994144849650E-03
     301   2.395156862796E+00   8.619300644906E-03
     302   2.641594788965E+00   8.524889207734E-03
     303   1.260168453748E+00   3.814716696002E-03
     304  -1.524191569259E+00  -4.612693905176E-03
     305  -4.817202562734E+00  -1.410057202563E-02
     306  -7.354551522058E+00  -2.110824154617E-02
     307  -8.096752725925E+00  -2.285527101029E-02
     308  -6.719627466274E+00  -1.861869806494E-02
     309  -3.723137323601E+00  -9.940666789712E-03
     310  -1.348107478365E-01   2.419457726068E-04
     311   2.951024362732E+00   8.868342563251E-03
     312   4.675951228724E+00   1.358666139150E-02
     313   4.509028420294E+00   1.300911775014E-02
     314   2.550525148422E+00   7.518382236829E-03
     315  -2.935633233563E-01  -3.209872206766E-04
     316  -2.699089548792E+00  -6.876572791281E-03
     317  -3.638728050773E+00  -9.387368761864E-03
     318  -2.989459136163E+00  -7.558506465550E-03
     319  -1.570180749013E+00  -3.622602981415E-03
     320  -5.980067039386E-01  -8.701591707756E-04
     321  -1.177574120511E+00  -2.308797022595E-03
     322  -4.001582196569E+00  -9.880687050328E-03
     323  -8.842089698733E+00  -2.303721830746E-02
     324  -1.433835404555E+01  -3.808468849786E-02
     325  -1.866585914550E+01  -4.998042996309E-02
     326  -2.051399282437E+01  -5.504621023377E-02
     327  -1.958782165086E+01  -5.239266788676E-02
     328  -1.658295345049E+01  -4.389390612990E-02
     329  -1.289610934452E+01  -3.342583832439E-02
     330  -1.009385621290E+01  -2.538914356743E-02
     331  -9.271358848975E+00  -2.288105971716E-02
     332  -1.058327724173E+01  -2.635162799158E-02
     333  -1.315264965652E+01  -3.335841988873E-02
     334  -1.541951333109E+01  -3.957511188404E-02
     335  -1.580819344196E+01  -4.068625363218E-02
     336  -1.340059251731E+01  -3.424623616852E-02
     337  -8.257109327204E+00  -2.048416651062E-02
     338  -1.343615952729E+00  -2.018104912668E-03
     339   5.823731040966E+00   1.712055156259E-02
     340   1.174624481855E+01   3.296370128620E-02
     341   1.530055470959E+01   4.250866730030E-02
     342   1.580870989300E+01   4.389240193129E-02
     343   1.309652695136E+01   3.659751744980E-02
     344   7.618909115905E+00   2.185149150288E-02
     345   4.829173305968E-01   2.698921122134E-03
     346  -6.817493908561E+00  -1.676367861148E-02
     347  -1.284326460633E+01  -3.262098405094E-02
     348  -1.664348110720E+01  -4.231852341641E-02
     349  -1.797349664276E+01  -4.527472778763E-02
     350  -1.727791901981E+01  -4.284528703462E-02
     351  -1.540642229952E+01  -3.750734070321E-02
     352  -1.320832347922E+01  -3.167518821368E-02
     353  -1.131166851553E+01  -2.703898659226E-02
     354  -9.952186946485E+00  -2.409629426336E-02
     355  -8.802555529733E+00  -2.175000509459E-02
     356  -7.303259634594E+00  -1.829944809016E-02
     357  -5.271288481633E+00  -1.313693669634E-02
     358  -3.073748907408E+00  -7.227672309820E-03
     359  -1.260798362253E+00  -2.132755643798E-03
     360  -1.883062597352E-01   1.027447526010E-03
     361   9.631310976775E-02   1.972703328143E-03
     362  -1.217649909918E-01   1.429866777131E-03
     363  -3.576214627673E-01   7.826911212356E-04
     364  -8.317776425534E-02   1.552936931101E-03
     365   9.592419037562E-01   4.475952210886E-03
     366   2.534056520986E+00   8.886532066872E-03
     367   4.143392884212E+00   1.338783049958E-02
     368   5.438377574481E+00   1.701852414284E-02
     369   6.344493404736E+00   1.960609860747E-02
     370   6.838420170467E+00   2.112641929891E-02
     371   6.480030388206E+00   2.038737368839E-02
     372   4.292742526664E+00   1.469504243248E-02
     373  -6.017057243629E-01   1.600458466036E-03
     374  -8.042531301502E+00  -1.851630891047E-02
     375  -1.640947988364E+01  -4.126162658928E-02
     376  -2.319420726268E+01  -5.974178847363E-02
     377  -2.648037797266E+01  -6.861590293880E-02
     378  -2.604340519786E+01  -6.719100235135E-02
     379  -2.299038640789E+01  -5.851163085511E-02
     380  -1.871667005583E+01  -4.649678209333E-02
     381  -1.435611782613E+01  -3.436897786391E-02
     382  -1.083435116791E+01  -2.473426904712E-02
     383  -8.847340752003E+00  -1.949860183561E-02
     384  -8.502304066208E+00  -1.890699803046E-02
     385  -9.132966921638E+00  -2.108669276580E-02
     386  -9.599356960567E+00  -2.288637699277E-02
     387  -8.996042235765E+00  -2.178724662577E-02
     388  -7.468085253359E+00  -1.812255048863E-02
     389  -6.412466808911E+00  -1.564842348269E-02
     390  -7.470114732254E+00  -1.876997104621E-02
     391  -1.116542590852E+01  -2.879422468482E-02
     392  -1.648147384736E+01  -4.282839203285E-02
     393  -2.168874895340E+01  -5.616699107136E-02
     394  -2.540061331704E+01  -6.523458345249E-02
     395  -2.699290978623E+01  -6.865637559352E-02
     396  -2.643254333421E+01  -6.662491952125E-02
     397  -2.414696700402E+01  -6.038699289297E-02
     398  -2.108835274265E+01  -5.238124224397E-02
     399  -1.844704200405E+01  -4.558784135686E-02
     400  -1.695229847257E+01  -4.181128139626E-02
     401  -1.647722859321E+01  -4.069346621128E-02
     402  -1.640980805635E+01  -4.069700599635E-02
     403  -1.616214674545E+01  -4.037825531521E-02
     404  -1.541629125673E+01  -3.892636173230E-02
     405  -1.430869439286E+01  -3.661420201144E-02
     406  -1.346478391063E+01  -3.495784485997E-02
     407  -1.360344747157E+01  -3.577072754865E-02
     408  -1.491391859714E+01  -3.956073763483E-02
     409  -1.688892847247E+01  -4.505078623747E-02
     410  -1.869563837221E+01  -5.005585787401E-02
     411  -1.959630102617E+01  -5.253621422075E-02
     412  -1.901226506407E+01  -5.083172461730E-02
     413  -1.634786358835E+01  -4.329957552716E-02
     414  -1.110083551127E+01  -2.864806440147E-02
     415  -3.394505493714E+00  -7.318944278621E-03
     416   5.412124894640E+00   1.693283004157E-02
     417   1.287059547423E+01   3.745565178463E-02
     418   1.663556454852E+01   4.789791489599E-02
     419   1.575943886622E+01   4.567816156195E-02
     420   1.097631714883E+01   3.275264158234E-02
     421   3.995099507619E+00   1.371343239692E-02
     422  -3.343476678763E+00  -6.490009383817E-03
     423  -9.470870496203E+00  -2.364736328504E-02
     424  -1.314281915023E+01  -3.441017950234E-02
     425  -1.350371344790E+01  -3.640601603080E-02
     426  -1.041555890072E+01  -2.907142882557E-02
     427  -4.766625096769E+00  -1.452503629221E-02
     428   1.677234930362E+00   2.705085277635E-03
     429   6.990867272410E+00   1.749535172726E-02
     430   1.012759253833E+01   2.687508604172E-02
     431   1.131376380585E+01   3.114493073988E-02
     432   1.129257225275E+01   3.198002544267E-02
     433   1.044388954966E+01   3.020456928394E-02
     434   8.653925481348E+00   2.548959206392E-02
     435   5.696695677218E+00   1.732668903152E-02
     436   1.682022566182E+00   6.158345985013E-03
     437  -2.889908315325E+00  -6.546441581548E-03
     438  -7.560073658169E+00  -1.950078340493E-02
     439  -1.211796653540E+01  -3.212611601695E-02
     440  -1.617711347607E+01  -4.333952872412E-02
     441  -1.884407218887E+01  -5.066668183491E-02
     442  -1.919096344427E+01  -5.158641686385E-02
     443  -1.686851871440E+01  -4.522051118120E-02
     444  -1.223214862749E+01  -3.264918476765E-02
     445  -6.189137339885E+00  -1.644092552414E-02
     446   1.050041378914E-01   2.364183626146E-04
     447   5.569315974774E+00   1.451014697599E-02
     448   9.492246042935E+00   2.456733579490E-02
     449   1.171432994000E+01   3.011319518707E-02
     450   1.246175355380E+01   3.187668630912E-02
     451   1.191554322628E+01   3.039390788507E-02
     452   1.010266655067E+01   2.569917700095E-02
     453   7.028604815768E+00   1.771302690002E-02
     454   2.653724119098E+00   6.219984012867E-03
     455  -3.021831767341E+00  -8.863009004852E-03
     456  -9.621282292539E+00  -2.653923178487E-02
     457  -1.612589548074E+01  -4.400946978289E-02
     458  -2.095865671846E+01  -5.696025162532E-02
     459  -2.278542516137E+01  -6.179729557725E-02
     460  -2.144195775190E+01  -5.813970102550E-02
     461  -1.801535606823E+01  -4.897371477259E-02
     462  -1.401109422491E+01  -3.835077607486E-02
     463  -1.056888861096E+01  -2.926970116850E-02
     464  -8.237100844504E+00  -2.310861509105E-02
     465  -7.040222974568E+00  -1.986444937587E-02
     466  -6.550294126711E+00  -1.838681899943E-02
     467  -6.082454208843E+00  -1.689263505253E-02
     468  -5.120866864663E+00  -1.406490638138E-02
     469  -3.704881849353E+00  -1.007251985010E-02
     470  -2.350814577175E+00  -6.368662453211E-03
     471  -1.534042806305E+00  -4.285998427699E-03
     472  -1.397202336766E+00  -4.225707090184E-03
     473  -1.662080083237E+00  -5.395422956689E-03
     474  -1.648841946816E+00  -5.841350731454E-03
     475  -7.238796780158E-01  -3.682066095570E-03
     476   1.060424189477E+00   1.073817016036E-03
     477   2.884956968241E+00   6.211216813530E-03
     478   3.786784561322E+00   8.990047811467E-03
     479   3.323422481277E+00   8.027432337429E-03
     480   1.846204844873E+00   4.132210277305E-03
     481   2.150299806673E-01  -4.073955957522E-04
     482  -9.548964869871E-01  -3.863240311282E-03
     483  -1.661213479756E+00  -6.081976523131E-03
     484  -2.144146427555E+00  -7.513714796608E-03
     485  -2.423097940831E+00  -8.048207981799E-03
     486  -2.368118756506E+00  -7.323541162848E-03
     487  -2.125002700092E+00  -5.900651722828E-03
     488  -2.299396405292E+00  -5.667553363340E-03
     489  -3.649199116251E+00  -8.881939717902E-03
     490  -6.606123973835E+00  -1.679764759036E-02
     491  -1.096905648713E+01  -2.884094530066E-02
     492  -1.594567666265E+01  -4.278719705293E-02
     493  -2.048377245875E+01  -5.569239243081E-02
     494  -2.356537259470E+01  -6.467780884986E-02
     495  -2.430993554070E+01  -6.721966027538E-02
     496  -2.196028717986E+01  -6.115768143133E-02
     497  -1.611321359644E+01  -4.536440723683E-02
     498  -7.300201100593E+00  -2.133931128312E-02
     499   2.750109795203E+00   6.113582563744E-03
     500   1.177069191676E+01   3.074485115070E-02
     501   1.780888670727E+01   4.721761339259E-02
     502   1.971182611202E+01   5.242077303204E-02
     503   1.736431619743E+01   4.609271891655E-02
     504   1.167816087513E+01   3.076572740958E-02
     505   4.311294653398E+00   1.098463384920E-02
     506  -2.750602370167E+00  -7.832103062357E-03
     507  -7.708714939768E+00  -2.081190803637E-02
     508  -9.515931565759E+00  -2.518539890833E-02
     509  -8.121828937745E+00  -2.093201554501E-02
     510  -4.424572174038E+00  -1.060216975818E-02
     511  -2.031186219177E-01   9.144917772187E-04
     512   2.370574437577E+00   7.754019985064E-03
     513   1.777377533832E+00   5.930424315834E-03
     514  -2.088724005311E+00  -4.663561055943E-03
     515  -8.123687061202E+00  -2.093323249670E-02
     516  -1.482928169239E+01  -3.887307797345E-02
     517  -2.106556671312E+01  -5.556424377723E-02
     518  -2.616552123128E+01  -6.936057913491E-02
     519  -2.960535894659E+01  -7.889734122083E-02
     520  -3.098269415511E+01  -8.303139560940E-02
     521  -3.032361102311E+01  -8.173125961636E-02
     522  -2.833500540735E+01  -7.679428491447E-02
     523  -2.627782183041E+01  -7.150522792384E-02
     524  -2.516209009800E+01  -6.850005657733E-02
     525  -2.496577932015E+01  -6.773906120585E-02
     526  -2.475445175289E+01  -6.685483971126E-02
     527  -2.364441802004E+01  -6.366377525962E-02
     528  -2.151974737177E+01  -5.797941219899E-02
     529  -1.862090488133E+01  -5.043888244571E-02
     530  -1.490866522972E+01  -4.080221327728E-02
     531  -1.014334157024E+01  -2.825000994475E-02
     532  -4.504394045849E+00  -1.315851551866E-02
     533   1.064603462820E+00   1.918445768431E-03
     534   5.114793999207E+00   1.297174777977E-02
     535   6.348924404113E+00   1.637616590374E-02
     536   4.286612288882E+00   1.075933004332E-02
     537  -4.829628584711E-01  -2.277063227378E-03
     538  -6.433961483028E+00  -1.852125299893E-02
     539  -1.160688927968E+01  -3.255684136107E-02
     540  -1.443789748471E+01  -4.008090952344E-02
     541  -1.445433857027E+01  -3.984831580195E-02
     542  -1.228342605329E+01  -3.368719589905E-02
     543  -9.148481450991E+00  -2.504174954448E-02
     544  -6.337495921890E+00  -1.743987409250E-02
     545  -4.735685559984E+00  -1.320863979961E-02
     546  -4.617948963731E+00  -1.298286770812E-02
     547  -5.768952314162E+00  -1.611315127835E-02
     548  -7.528134168598E+00  -2.079802753679E-02
     549  -8.756575897534E+00  -2.396432744897E-02
     550  -8.288185072992E+00  -2.248002001535E-02
     551  -5.710527263425E+00  -1.527918176921E-02
     552  -1.668039589014E+00  -4.183081979290E-03
     553   2.647331871482E+00   7.505481419709E-03
     554   6.263287407094E+00   1.712256416518E-02
     555   8.742071050854E+00   2.352846189010E-02
     556   1.012428495137E+01   2.694607041444E-02
     557   1.074098225260E+01   2.839023469025E-02
     558   1.101937519493E+01   2.906106039173E-02
     559   1.123708065090E+01   2.965353041603E-02
     560   1.135163429559E+01   2.995545093050E-02
     561   1.101589236176E+01   2.897124693724E-02
     562   9.635444610014E+00   2.509877216413E-02
     563   6.722612033613E+00   1.706830711068E-02
     564   2.360605739225E+00   5.161743113370E-03
     565  -2.722918791962E+00  -8.633942704603E-03
     566  -7.439262703299E+00  -2.139598854262E-02
     567  -1.069861891307E+01  -3.019910311814E-02
     568  -1.179739692146E+01  -3.314570191012E-02
     569  -1.051290623473E+01  -2.963045593970E-02
     570  -6.999290791885E+00  -2.006268468026E-02
     571  -1.940607781725E+00  -6.272909365595E-03
     572   3.399987352364E+00   8.353823932634E-03
     573   7.734484530345E+00   2.034022456810E-02
     574   1.033642546500E+01   2.763415597938E-02
     575   1.100186695783E+01   2.950833463590E-02
     576   9.937812661104E+00   2.639898948369E-02
     577   8.046529104656E+00   2.081770413484E-02
     578   6.715457757759E+00   1.674937775115E-02
     579   6.801341431491E+00   1.673933917428E-02
     580   8.001717669843E+00   2.007561066739E-02
     581   9.360548982585E+00   2.413444898438E-02
     582   1.013417115376E+01   2.676165572347E-02
     583   1.005261991435E+01   2.705397475292E-02
     584   9.112236967216E+00   2.487750321283E-02
     585   7.313494354938E+00   2.020755339136E-02
     586   4.429453439717E+00   1.248922584192E-02
     587   1.972443565452E-01   1.078381557230E-03
     588  -5.236519938622E+00  -1.362818989125E-02
     589  -1.118434729773E+01  -2.982066054040E-02
     590  -1.654922586520E+01  -4.454293429589E-02
     591  -2.008348950044E+01  -5.433935634917E-02
     592  -2.070472863132E+01  -5.614858790109E-02
     593  -1.782555110697E+01  -4.829561631559E-02
     594  -1.152882550687E+01  -3.105722937605E-02
     595  -2.596388376861E+00  -6.741010099835E-03
     596   7.649658438669E+00   2.086397283000E-02
     597   1.750099936054E+01   4.706966480702E-02
     598   2.506627590605E+01   6.689530177979E-02
     599   2.892115845710E+01   7.671897701447E-02
     600   2.879408527317E+01   7.597068259608E-02
     601   2.554771916701E+01   6.699209628328E-02
     602   2.062173040824E+01   5.357059820511E-02
     603   1.544954078867E+01   3.946222399281E-02
     604   1.105971707839E+01   2.738140336682E-02
     605   7.874621118878E+00   1.847821617371E-02
     606   5.687542039648E+00   1.227027854496E-02
     607   3.766136153969E+00   6.880299389550E-03
     608   1.287055531664E+00   1.587371733166E-04
     609  -1.950109021733E+00  -8.398059737188E-03
     610  -5.296453006953E+00  -1.705348925266E-02
     611  -7.827278815225E+00  -2.340818238988E-02
     612  -8.897026494167E+00  -2.585734184085E-02
     613  -8.231627658761E+00  -2.376209495499E-02
     614  -5.837248787045E+00  -1.716808511020E-02
     615  -1.963717028321E+00  -6.696971486445E-03
     616   2.878022143847E+00   6.377607973179E-03
     617   7.885032908532E+00   1.993831370224E-02
     618   1.188265613504E+01   3.073982926478E-02
     619   1.342541321270E+01   3.475205703167E-02
     620   1.129805578064E+01   2.863653883121E-02
     621   5.221577344554E+00   1.169322535382E-02
     622  -3.665987135121E+00  -1.290505485299E-02
     623  -1.315942041917E+01  -3.912483133195E-02
     624  -2.112416786936E+01  -6.113097657469E-02
     625  -2.636588775440E+01  -7.559440002543E-02
     626  -2.866595461410E+01  -8.182077821004E-02
     627  -2.847444085883E+01  -8.099060841087E-02
     628  -2.660552484539E+01  -7.536954390434E-02
     629  -2.395959008809E+01  -6.756144165277E-02
     630  -2.135323444681E+01  -6.002009130438E-02
     631  -1.937201086484E+01  -5.456807642458E-02
     632  -1.817797612904E+01  -5.174809765082E-02
     633  -1.744896647296E+01  -5.055073067845E-02
     634  -1.669780936719E+01  -4.928919217571E-02
     635  -1.578419807363E+01  -4.716264124077E-02
     636  -1.506745389525E+01  -4.490452704324E-02
     637  -1.495402024272E+01  -4.367821417551E-02
     638  -1.520603574670E+01  -4.316201617381E-02
     639  -1.480002433106E+01  -4.099200959071E-02
     640  -1.265217232001E+01  -3.452032256471E-02
     641  -8.590448368264E+00  -2.335002435610E-02
     642  -3.669159967589E+00  -1.021204472700E-02
     643   4.080839314022E-01   4.972025581345E-04
     644   2.190090488903E+00   5.027130955926E-03
     645   1.183864090232E+00   2.108012246507E-03
     646  -1.869455651907E+00  -6.302353518306E-03
     647  -5.403566366861E+00  -1.608504458418E-02
     648  -8.014667688141E+00  -2.356390447627E-02
     649  -9.346340793985E+00  -2.782100472807E-02
     650  -9.994951586254E+00  -3.040389843099E-02
     651  -1.051972617709E+01  -3.270868558595E-02
     652  -1.075859665229E+01  -3.419554570078E-02
     653  -9.962779134594E+00  -3.274646668107E-02
     654  -7.307380430785E+00  -2.601860590965E-02
     655  -2.282070745888E+00  -1.251589848821E-02
     656   4.848695920418E+00   7.097332209442E-03
     657   1.264419872728E+01   2.886962335571E-02
     658   1.898486715922E+01   4.694561696438E-02
     659   2.238412966795E+01   5.717691555395E-02
     660   2.281718629878E+01   5.938520650219E-02
     661   2.137386850499E+01   5.636552259944E-02
     662   1.921379051401E+01   5.104533224239E-02
     663   1.667651819873E+01   4.422416082234E-02
     664   1.332237707369E+01   3.480875040586E-02
     665   8.809094353596E+00   2.210920792762E-02
     666   3.633366939057E+00   7.676588630890E-03
     667  -1.051222804667E+00  -5.295418020563E-03
     668  -4.194393924264E+00  -1.401653763029E-02
     669  -5.222079935351E+00  -1.700551692694E-02
     670  -3.896010192489E+00  -1.361527108756E-02
     671  -1.221847425961E-01  -3.527513795118E-03
     672   5.959272044829E+00   1.293353345009E-02
     673   1.371761626662E+01   3.408523209964E-02
     674   2.185027811369E+01   5.640740196342E-02
     675   2.850923497565E+01   7.483794376162E-02
     676   3.224415015539E+01   8.531367686128E-02
     677   3.303312617276E+01   8.764753341021E-02
     678   3.224988715657E+01   8.550669733459E-02
     679   3.158123660125E+01   8.345997754433E-02
     680   3.190308808020E+01   8.389280134303E-02
     681   3.298512063115E+01   8.622980379383E-02
     682   3.400020974083E+01   8.836028638753E-02
     683   3.412715676418E+01   8.821678468268E-02
     684   3.282734846224E+01   8.441759176617E-02
     685   2.979485371938E+01   7.610811648063E-02
     686   2.491392700423E+01   6.293006497530E-02
     687   1.851149011200E+01   4.578312249853E-02
     688   1.174370236840E+01   2.786417719639E-02
     689   6.709830571916E+00   1.489889491962E-02
     690   5.562971500154E+00   1.264152836332E-02
     691   9.075485485635E+00   2.297099617265E-02
     692   1.592034717861E+01   4.204917498487E-02
     693   2.308710953759E+01   6.159601670271E-02
     694   2.734823197383E+01   7.291653299542E-02
     695   2.687930919881E+01   7.123249559629E-02
     696   2.196731318216E+01   5.751715343913E-02
     697   1.437665070438E+01   3.666676401232E-02
     698   6.249298339062E+00   1.445491263419E-02
     699  -5.362941782284E-01  -4.123437659897E-03
     700  -4.529570318331E+00  -1.516155090218E-02
     701  -5.022465225216E+00  -1.665214833732E-02
     702  -2.225335291952E+00  -9.041729654649E-03
     703   2.993917605786E+00   5.364438745153E-03
     704   9.345311070689E+00   2.297694871137E-02
     705   1.538690656710E+01   3.970310488555E-02
     706   2.000177225123E+01   5.237617411160E-02
     707   2.252429861967E+01   5.920154706763E-02
     708   2.269132600735E+01   5.959556593514E-02
     709   2.084725383646E+01   5.462124275828E-02
     710   1.805677302807E+01   4.719406701653E-02
     711   1.567577668211E+01   4.090792901970E-02
     712   1.475069693957E+01   3.847327665707E-02
     713   1.565502256726E+01   4.081509366128E-02
     714   1.804198218230E+01   4.698303911317E-02
     715   2.099713021619E+01   5.453588509688E-02
     716   2.345205482879E+01   6.060463525815E-02
     717   2.459150356737E+01   6.297860296690E-02
     718   2.418912579642E+01   6.106252225813E-02
     719   2.273001913156E+01   5.626371100368E-02
     720   2.075504518295E+01   5.021650805450E-02
     721   1.838784494738E+01   4.342422599635E-02
     722   1.553622096065E+01   3.570371259798E-02
     723   1.213119905288E+01   2.678555210075E-02
     724   8.191342708833E+00   1.653803087646E-02
     725   3.915011025020E+00   5.352522365645E-03
     726   5.940832169332E-03  -4.894684371124E-03
     727  -2.186515332280E+00  -1.054151543360E-02
     728  -1.374523408014E+00  -8.156214677513E-03
     729   2.431333198600E+00   2.144267000676E-03
     730   7.380283212989E+00   1.535508682970E-02
     731   1.042755945575E+01   2.337728315189E-02
     732   8.775382995655E+00   1.880276470130E-02
     733   1.445170010815E+00  -9.608161859093E-04
     734  -1.003902311288E+01  -3.184441134224E-02
     735  -2.243739397500E+01  -6.515609724335E-02
     736  -3.238684727868E+01  -9.183172689680E-02
     737  -3.785058281525E+01  -1.063832158921E-01
     738  -3.878753883776E+01  -1.087561341914E-01
     739  -3.673737559575E+01  -1.031947565907E-01
     740  -3.368726102315E+01  -9.515823526940E-02
     741  -3.120525361184E+01  -8.896375646137E-02
     742  -2.998556733531E+01  -8.649493334267E-02
     743  -2.965852676359E+01  -8.662281394557E-02
     744  -2.938733329432E+01  -8.683869325495E-02
     745  -2.880183149891E+01  -8.587829114313E-02
     746  -2.844291862600E+01  -8.507419972232E-02
     747  -2.911944192889E+01  -8.668513159336E-02
     748  -3.076980398428E+01  -9.070233029598E-02
     749  -3.237263272039E+01  -9.444807392484E-02
     750  -3.305755078187E+01  -9.556562836645E-02
     751  -3.292056263244E+01  -9.431481672460E-02
     752  -3.261633896282E+01  -9.251627796189E-02
     753  -3.218640517702E+01  -9.034858658442E-02
     754  -3.043187161292E+01  -8.461773629892E-02
     755  -2.582777596338E+01  -7.124988259055E-02
     756  -1.800304578581E+01  -4.932388129890E-02
     757  -8.265164449556E+00  -2.246800632741E-02
     758   9.381585012035E-01   2.660896106132E-03
     759   7.112649025875E+00   1.937116479381E-02
     760   8.828941211932E+00   2.389725018699E-02
     761   6.315137966605E+00   1.689567953403E-02
     762   1.327544727497E+00   3.052865835465E-03
     763  -3.759804438435E+00  -1.129689393316E-02
     764  -7.203200404183E+00  -2.142847864818E-02
     765  -8.539392135737E+00  -2.593231137086E-02
     766  -8.492856022606E+00  -2.651927418958E-02
     767  -8.519122553989E+00  -2.691186011236E-02
     768  -1.005397477177E+01  -3.093874501832E-02
     769  -1.354661420867E+01  -3.994374711085E-02
     770  -1.803351507013E+01  -5.153949025901E-02
     771  -2.138798646161E+01  -6.012376573970E-02
     772  -2.090294125998E+01  -5.835676476950E-02
     773  -1.449332095091E+01  -4.050123764222E-02
     774  -2.312744911724E+00  -6.968941994925E-03
     775   1.261936503168E+01   3.391860435820E-02
     776   2.555579399422E+01   6.911832343471E-02
     777   3.221789958682E+01   8.697536248546E-02
     778   3.077704873402E+01   8.267140895760E-02
     779   2.247377122729E+01   5.982998934264E-02
     780   1.062604983826E+01   2.764777213715E-02
     781  -9.877447552330E-01  -3.597819851028E-03
     782  -9.776455850767E+00  -2.696876176414E-02
     783  -1.520956457808E+01  -4.117867226977E-02
     784  -1.815062010481E+01  -4.876139961941E-02
     785  -1.950264783370E+01  -5.232796582291E-02
     786  -1.958858510935E+01  -5.279604933953E-02
     787  -1.870473904950E+01  -5.089280999767E-02
     788  -1.800590554643E+01  -4.962720090724E-02
     789  -1.915684366236E+01  -5.336449583472E-02
     790  -2.291562194534E+01  -6.398478245557E-02
     791  -2.840771852328E+01  -7.899359662136E-02
     792  -3.372957103078E+01  -9.327127475584E-02
     793  -3.692886874047E+01  -1.017247708017E-01
     794  -3.676342016715E+01  -1.011947222821E-01
     795  -3.307119386760E+01  -9.130393048068E-02
     796  -2.656493459683E+01  -7.386551540334E-02
     797  -1.851901514241E+01  -5.213486141433E-02
     798  -1.067597437747E+01  -3.072003168879E-02
     799  -4.842199475725E+00  -1.458281070354E-02
     800  -2.113188077625E+00  -6.864006436484E-03
     801  -2.378507200001E+00  -7.374499088870E-03
     802  -4.472838985429E+00  -1.292641797554E-02
     803  -6.831053959976E+00  -1.918194437598E-02
     804  -8.395619771272E+00  -2.325046261673E-02
     805  -9.098417861527E+00  -2.502236520869E-02
     806  -9.487668659421E+00  -2.606430725836E-02
     807  -1.013136909490E+01  -2.792973858184E-02
     808  -1.132781700726E+01  -3.136818289293E-02
     809  -1.315369968994E+01  -3.648454702790E-02
     810  -1.562794531056E+01  -4.327236632074E-02
     811  -1.881662399536E+01  -5.197692533297E-02
     812  -2.246674673382E+01  -6.203825740677E-02
     813  -2.583148469269E+01  -7.143853144912E-02
     814  -2.816457334679E+01  -7.795070500111E-02
     815  -2.887463676490E+01  -7.967984749541E-02
     816  -2.758635807854E+01  -7.544892393229E-02
     817  -2.439796002407E+01  -6.562476344948E-02
     818  -1.994999309349E+01  -5.225838729758E-02
     819  -1.524807817249E+01  -3.841924190761E-02
     820  -1.136604602468E+01  -2.724550739863E-02
     821  -9.127649618800E+00  -2.107210506292E-02
     822  -9.009482208652E+00  -2.118952318885E-02
     823  -1.152425692922E+01  -2.886452790575E-02
     824  -1.730704804226E+01  -4.558836819347E-02
     825  -2.623463609657E+01  -7.077694480196E-02
     826  -3.659069480321E+01  -9.958221304532E-02
     827  -4.557306544173E+01  -1.243185908709E-01
     828  -5.070570874917E+01  -1.383412065741E-01
     829  -5.105064245692E+01  -1.393133645700E-01
     830  -4.744305716628E+01  -1.297129078784E-01
     831  -4.160368951582E+01  -1.142923594086E-01
     832  -3.503974883473E+01  -9.706894463700E-02
     833  -2.877204252987E+01  -8.065396075004E-02
     834  -2.360373914939E+01  -6.708518861693E-02
     835  -1.977298950578E+01  -5.695727450798E-02
     836  -1.633722934504E+01  -4.775994621940E-02
     837  -1.150393981144E+01  -3.471574520745E-02
     838  -4.096767934785E+00  -1.466414317089E-02
     839   5.039191525651E+00   1.016715933953E-02
     840   1.309089040372E+01   3.225640012597E-02
     841   1.703091958535E+01   4.345244690874E-02
     842   1.573810639491E+01   4.066776236910E-02
     843   1.015525841447E+01   2.632509906001E-02
     844   1.926040727600E+00   4.775924635052E-03
     845  -7.538850983406E+00  -2.014241880508E-02
     846  -1.708284236793E+01  -4.519453849063E-02
     847  -2.572277808367E+01  -6.765564781010E-02
     848  -3.257974103585E+01  -8.521949005623E-02
     849  -3.673900857281E+01  -9.557322573488E-02
     850  -3.754956767912E+01  -9.710508361423E-02
     851  -3.508738599276E+01  -9.008808944165E-02
     852  -3.026408147439E+01  -7.699434139163E-02
     853  -2.430013419753E+01  -6.112627781991E-02
     854  -1.821297745986E+01  -4.525339634930E-02
     855  -1.281044555216E+01  -3.159117840495E-02
     856  -8.746053258002E+00  -2.188586264424E-02
     857  -6.465737635557E+00  -1.721011357050E-02
     858  -6.121421660048E+00  -1.777108802459E-02
     859  -7.305311131942E+00  -2.227547368134E-02
     860  -8.987876754549E+00  -2.779610412240E-02
     861  -9.965420955977E+00  -3.097183726124E-02
     862  -9.771325263456E+00  -3.049569330369E-02
     863  -9.202632798868E+00  -2.857959498540E-02
     864  -9.642758442883E+00  -2.909169692590E-02
     865  -1.222398812104E+01  -3.524263002257E-02
     866  -1.740595844223E+01  -4.840624563780E-02
     867  -2.467389736757E+01  -6.726589418068E-02
     868  -3.252331222730E+01  -8.777247139748E-02
     869  -3.902174055914E+01  -1.047376811641E-01
     870  -4.254124483838E+01  -1.138584113424E-01
     871  -4.229511310464E+01  -1.131285979192E-01
     872  -3.851962253605E+01  -1.032784637587E-01
     873  -3.198781418110E+01  -8.643211133603E-02
     874  -2.356438992199E+01  -6.487712172138E-02
     875  -1.422930482106E+01  -4.108627050913E-02
     876  -5.310012958046E+00  -1.836055999554E-02
     877   1.636778181410E+00  -6.266841491361E-04
     878   5.507978109873E+00   9.289620359371E-03
     879   6.184256028785E+00   1.105683927979E-02
     880   4.523066533661E+00   6.855938819783E-03
     881   2.080029647600E+00   7.272187991713E-04
     882   5.156342997071E-01  -2.967075545784E-03
     883   9.509833227624E-01  -1.317564919854E-03
     884   3.656677300099E+00   6.278728732355E-03
     885   8.220672458537E+00   1.865341951397E-02
     886   1.384497848376E+01   3.370449099632E-02
     887   1.942053326410E+01   4.855840454495E-02
     888   2.364375506965E+01   5.983824103594E-02
     889   2.533594916411E+01   6.445891274311E-02
     890   2.393813019086E+01   6.089538386167E-02
     891   2.017852732798E+01   5.099018521998E-02
     892   1.619961365958E+01   4.038070590729E-02
     893   1.460477442102E+01   3.599248169997E-02
     894   1.709247603140E+01   4.236389370745E-02
     895   2.309469250380E+01   5.803050039395E-02
     896   2.969405813845E+01   7.533235239558E-02
     897   3.308948675161E+01   8.423905289976E-02
     898   3.071667848792E+01   7.793426965315E-02
     899   2.274205322824E+01   5.680195344053E-02
     900   1.168681113993E+01   2.745236500804E-02
     901   2.039862993757E-01  -3.144442912432E-03
     902  -1.045145277713E+01  -3.166497204582E-02
     903  -2.007033137667E+01  -5.748241463600E-02
     904  -2.835106256239E+01  -7.966962823079E-02
     905  -3.423051215994E+01  -9.525046155898E-02
     906  -3.636689254471E+01  -1.005626030618E-01
     907  -3.431128580921E+01  -9.452292575569E-02
     908  -2.891650745482E+01  -7.972086404068E-02
     909  -2.158418986466E+01  -6.019756273958E-02
     910  -1.340510382886E+01  -3.892273461406E-02
     911  -5.248717840891E+00  -1.796924472323E-02
     912   2.156307462002E+00   1.158631980231E-03
     913   8.787247632017E+00   1.884171346714E-02
     914   1.522478729192E+01   3.683125762312E-02
     915   2.187997215987E+01   5.605622327874E-02
     916   2.841944741711E+01   7.515733314238E-02
     917   3.400662171004E+01   9.135667574120E-02
     918   3.780881971277E+01   1.020592810385E-01
     919   3.926555891624E+01   1.056916951332E-01
     920   3.839398846481E+01   1.025015325821E-01
     921   3.569709988031E+01   9.417497730141E-02
     922   3.158337293978E+01   8.211852285727E-02
     923   2.599120875407E+01   6.632689310801E-02
     924   1.878072725024E+01   4.644314405309E-02
     925   1.070060006305E+01   2.450163462721E-02
     926   4.084734991406E+00   6.879060462544E-03
     927   2.013720952933E+00   1.956407095778E-03
     928   6.235717148780E+00   1.443127531389E-02
     929   1.577802076888E+01   4.155502812043E-02
     930   2.754548296516E+01   7.473908358216E-02
     931   3.813218254646E+01   1.044782066580E-01
     932   4.524012140086E+01   1.243276288150E-01
     933   4.816655982604E+01   1.323854384205E-01
     934   4.734501558116E+01   1.300336051964E-01
     935   4.371205682944E+01   1.200057535355E-01
     936   3.818867423294E+01   1.048400159888E-01
     937   3.140356202244E+01   8.620115795908E-02
     938   2.374175441205E+01   6.513901114597E-02
     939   1.573188837758E+01   4.317685846748E-02
     940   8.119733331738E+00   2.243727340433E-02
     941   1.353246117976E+00   4.143823744111E-03
     942  -4.605802469467E+00  -1.195415288559E-02
     943  -9.873766098776E+00  -2.642340461095E-02
     944  -1.415895808130E+01  -3.864671734932E-02
     945  -1.680828857079E+01  -4.678276684595E-02
     946  -1.739011600064E+01  -4.935467727557E-02
     947  -1.634982719896E+01  -4.721606543631E-02
     948  -1.498479684100E+01  -4.371496298811E-02
     949  -1.453539057697E+01  -4.233386893110E-02
     950  -1.500477085177E+01  -4.335186240005E-02
     951  -1.500140020569E+01  -4.315020740787E-02
     952  -1.327561979786E+01  -3.822941646335E-02
     953  -1.019578031729E+01  -2.935055639329E-02
     954  -7.546435963834E+00  -2.127080188809E-02
     955  -7.024726828177E+00  -1.876905972461E-02
     956  -8.864716164416E+00  -2.276951386245E-02
     957  -1.197245086153E+01  -3.053172479416E-02
     958  -1.457847695032E+01  -3.735387877032E-02
     959  -1.454398456775E+01  -3.741372017086E-02
     960  -1.051877842746E+01  -2.700521428814E-02
     961  -3.375406539367E+00  -8.517133167789E-03
     962   3.643321749430E+00   9.243804205144E-03
     963   6.141509086031E+00   1.449051937317E-02
     964   9.501889170584E-01  -1.136769133898E-03
     965  -1.171521829023E+01  -3.686443065966E-02
     966  -2.815577761279E+01  -8.252881162982E-02
     967  -4.342613175038E+01  -1.245886389804E-01
     968  -5.384874282490E+01  -1.529322919709E-01
     969  -5.808444353647E+01  -1.638004697374E-01
     970  -5.729501515076E+01  -1.603256299805E-01
     971  -5.417790275204E+01  -1.500063910460E-01
     972  -5.099884830827E+01  -1.393479056496E-01
     973  -4.820077906309E+01  -1.299390017476E-01
     974  -4.502979366008E+01  -1.200222940952E-01
     975  -4.116124930158E+01  -1.088784072114E-01
     976  -3.737631761430E+01  -9.860385855692E-02
     977  -3.495075591880E+01  -9.238314249249E-02
     978  -3.467241849967E+01  -9.192521238288E-02
     979  -3.626997659261E+01  -9.620014615750E-02
     980  -3.843674845000E+01  -1.017338222894E-01
     981  -3.925665114472E+01  -1.037311098183E-01
     982  -3.696491005535E+01  -9.785548807076E-02
     983  -3.092839347242E+01  -8.257749677107E-02
     984  -2.235113674113E+01  -6.097914543096E-02
     985  -1.381677453411E+01  -3.961948952678E-02
     986  -7.769218015952E+00  -2.465025151187E-02
     987  -5.207347582316E+00  -1.848060267367E-02
     988  -5.638302821751E+00  -1.974343301215E-02
     989  -8.073009686890E+00  -2.595698803037E-02
     990  -1.205336322730E+01  -3.612856893493E-02
     991  -1.752490881194E+01  -5.021470610415E-02
     992  -2.396494474874E+01  -6.671443115886E-02
     993  -3.016798616402E+01  -8.221647459602E-02
     994  -3.474444567070E+01  -9.295116770422E-02
     995  -3.664296514862E+01  -9.628526277362E-02
     996  -3.558021801946E+01  -9.180279467702E-02
     997  -3.229203321114E+01  -8.182201008080E-02
     998  -2.818850198113E+01  -7.032272376613E-02
     999  -2.477879420708E+01  -6.135232610589E-02
    1000  -2.325848473092E+01  -5.797615684680E-02
