# lag   C(lag)   C_norm(lag)
       0   1.274021944276E-02   1.000000000000E+00
       1   1.221070816468E-02   9.584378212274E-01
       2   1.081713092135E-02   8.490537364718E-01
       3   8.996425575431E-03   7.061436905268E-01
       4   7.174859844101E-03   5.631661115680E-01
       5   5.614745656687E-03   4.407102783366E-01
       6   4.402190111108E-03   3.455348733110E-01
       7   3.507170089864E-03   2.752833344528E-01
       8   2.853737909557E-03   2.239944078184E-01
       9   2.367942452136E-03   1.858635530396E-01
      10   1.997867115476E-03   1.568157537986E-01
      11   1.714029872076E-03   1.345369190678E-01
      12   1.499740981279E-03   1.177170446723E-01
      13   1.341122597721E-03   1.052668365522E-01
      14   1.223343875086E-03   9.602219809342E-02
      15   1.131932878967E-03   8.884720424577E-02
      16   1.054150150347E-03   8.274191469648E-02
      17   9.794527186120E-04   7.687879498565E-02
      18   8.998790731026E-04   7.063293353350E-02
      19   8.107874358302E-04   6.363998983479E-02
      20   7.113205652801E-04   5.583267764547E-02
      21   6.026254922586E-04   4.730102923000E-02
      22   4.847945983940E-04   3.805229576870E-02
      23   3.566718358517E-04   2.799573723625E-02
      24   2.205317789271E-04   1.730988857123E-02
      25   8.755589121384E-05   6.872400558501E-03
      26  -2.433402118428E-05  -1.910015859115E-03
      27  -1.006040618334E-04  -7.896572134053E-03
      28  -1.383871633554E-04  -1.086222760740E-02
      29  -1.457717883886E-04  -1.144185852085E-02
      30  -1.335810525366E-04  -1.048498835807E-02
      31  -1.067594214131E-04  -8.379716055344E-03
      32  -6.423998148917E-05  -5.042297880174E-03
      33  -5.684874830711E-06  -4.462148282652E-04
      34   6.525922684486E-05   5.122300062261E-03
      35   1.437027018455E-04   1.127945264139E-02
      36   2.270797458626E-04   1.782384886562E-02
      37   3.158873176364E-04   2.479449581349E-02
      38   4.109517135581E-04   3.225625079729E-02
      39   5.098947452604E-04   4.002244604588E-02
      40   6.067614093591E-04   4.762566391303E-02
      41   6.951089821262E-04   5.456020481039E-02
      42   7.702834453874E-04   6.046076748115E-02
      43   8.282181312851E-04   6.500815272502E-02
      44   8.648712255261E-04   6.788511213735E-02
      45   8.776195550658E-04   6.888574871170E-02
      46   8.670456944475E-04   6.805578964657E-02
      47   8.381136533933E-04   6.578486792625E-02
      48   7.998061153564E-04   6.277804860033E-02
      49   7.634011003296E-04   5.992056131839E-02
      50   7.389935785477E-04   5.800477628097E-02
      51   7.301748843838E-04   5.731258301040E-02
      52   7.306800206524E-04   5.735223195607E-02
      53   7.267779861609E-04   5.704595508942E-02
      54   7.030683665524E-04   5.518494949881E-02
      55   6.480389856214E-04   5.086560624274E-02
      56   5.581597353967E-04   4.381084155610E-02
      57   4.410408032184E-04   3.461799109505E-02
      58   3.172554551313E-04   2.490188309211E-02
      59   2.144377080589E-04   1.683155529796E-02
      60   1.524996225758E-04   1.196993688067E-02
      61   1.318562920247E-04   1.034960917409E-02
      62   1.344410114802E-04   1.055248789742E-02
      63   1.337709563587E-04   1.049989420981E-02
      64   1.060060625901E-04   8.320583728276E-03
      65   3.866573280480E-05   3.034934600500E-03
      66  -6.477724121053E-05  -5.084468246530E-03
      67  -1.867262541063E-04  -1.465643939222E-02
      68  -3.038625709122E-04  -2.385065440022E-02
      69  -3.978702601727E-04  -3.122946680474E-02
      70  -4.652161418169E-04  -3.651555170671E-02
      71  -5.197595368520E-04  -4.079674916019E-02
      72  -5.836580048999E-04  -4.581224110952E-02
      73  -6.702064119025E-04  -5.260556263679E-02
      74  -7.702837956211E-04  -6.046079497154E-02
      75  -8.542297468620E-04  -6.704984562472E-02
      76  -8.895324652038E-04  -6.982081189421E-02
      77  -8.611350307543E-04  -6.759185229291E-02
      78  -7.794539005192E-04  -6.118057102716E-02
      79  -6.727870448402E-04  -5.280812060287E-02
      80  -5.735007495132E-04  -4.501498204878E-02
      81  -5.055171041354E-04  -3.967883806136E-02
      82  -4.776733638558E-04  -3.749333879232E-02
      83  -4.860345371292E-04  -3.814962052365E-02
      84  -5.212735550446E-04  -4.091558684579E-02
      85  -5.732311165154E-04  -4.499381812778E-02
      86  -6.316187238367E-04  -4.957675389145E-02
      87  -6.855038288454E-04  -5.380628111826E-02
      88  -7.230093866838E-04  -5.675015174834E-02
      89  -7.322464774984E-04  -5.747518563462E-02
      90  -7.051982031205E-04  -5.535212374394E-02
      91  -6.418727862294E-04  -5.038161148741E-02
      92  -5.541319873737E-04  -4.349469723527E-02
      93  -4.650855966718E-04  -3.650530501153E-02
      94  -3.998438210476E-04  -3.138437472322E-02
      95  -3.740924820955E-04  -2.936311134798E-02
      96  -3.878311870278E-04  -3.044148405530E-02
      97  -4.243956152175E-04  -3.331148392885E-02
      98  -4.553726100997E-04  -3.574291731361E-02
      99  -4.555300288246E-04  -3.575527335862E-02
     100  -4.164479215971E-04  -3.268765687029E-02
     101  -3.446023046296E-04  -2.704838061682E-02
     102  -2.501383117272E-04  -1.963375221683E-02
     103  -1.385033909118E-04  -1.087135049236E-02
     104  -9.244757579288E-06  -7.256356627783E-04
     105   1.410222735376E-04   1.106906157866E-02
     106   3.156997354064E-04   2.477977218719E-02
     107   5.148954813720E-04   4.041496174264E-02
     108   7.294124323497E-04   5.725273694279E-02
     109   9.367957265121E-04   7.353058012235E-02
     110   1.107464746435E-03   8.692666177458E-02
     111   1.217987765736E-03   9.560178858839E-02
     112   1.260928269539E-03   9.897225673424E-02
     113   1.245860483705E-03   9.778956236217E-02
     114   1.193149561559E-03   9.365219860769E-02
     115   1.122745313249E-03   8.812605766274E-02
     116   1.046228748419E-03   8.212015131445E-02
     117   9.698697127348E-04   7.612660967830E-02
     118   8.980788541296E-04   7.049163149541E-02
     119   8.320609667114E-04   6.530978296331E-02
     120   7.697836167751E-04   6.042153514182E-02
     121   7.101481171800E-04   5.574065033736E-02
     122   6.553956983462E-04   5.144304627490E-02
     123   6.084423036719E-04   4.775759996958E-02
     124   5.698611730698E-04   4.472930592994E-02
     125   5.382718537312E-04   4.224981022891E-02
     126   5.109789922641E-04   4.010755031026E-02
     127   4.838485408937E-04   3.797803821729E-02
     128   4.524815466800E-04   3.551599316738E-02
     129   4.129437876365E-04   3.241261184643E-02
     130   3.615243513246E-04   2.837661886036E-02
     131   2.949642207185E-04   2.315220880172E-02
     132   2.106402817580E-04   1.653348929383E-02
     133   1.073999649816E-04   8.429993334427E-03
     134  -1.036031909708E-05  -8.131978529593E-04
     135  -1.280949917701E-04  -1.005437876056E-02
     136  -2.233865238185E-04  -1.753396201865E-02
     137  -2.766020511366E-04  -2.171093303214E-02
     138  -2.808744092194E-04  -2.204627718395E-02
     139  -2.417818136330E-04  -1.897783744772E-02
     140  -1.700881869694E-04  -1.335049115391E-02
     141  -7.808946217632E-05  -6.129365551918E-03
     142   1.937170272769E-05   1.520515624925E-03
     143   1.062564621633E-04   8.340237987325E-03
     144   1.709025194097E-04   1.341440939676E-02
     145   2.104197795008E-04   1.651618172247E-02
     146   2.308347918295E-04   1.811858837021E-02
     147   2.440022951427E-04   1.915212655787E-02
     148   2.603196661083E-04   2.043290284582E-02
     149   2.783302407343E-04   2.184658137050E-02
     150   2.829657729802E-04   2.221043163750E-02
     151   2.575598576953E-04   2.021628111293E-02
     152   1.997227949700E-04   1.567655846647E-02
     153   1.266034961839E-04   9.937308909998E-03
     154   6.409895056727E-05   5.031228139771E-03
     155   2.990045101876E-05   2.346933752052E-03
     156   2.450785839943E-05   1.923660617428E-03
     157   3.604576343519E-05   2.829289055588E-03
     158   5.003889958832E-05   3.927632472356E-03
     159   5.535846008156E-05   4.345173199747E-03
     160   4.624250436274E-05   3.629647398972E-03
     161   2.448510026418E-05   1.921874295352E-03
     162  -5.793447490947E-07  -4.547368683072E-05
     163  -2.000949677428E-05  -1.570577089679E-03
     164  -3.327374019000E-05  -2.611708561183E-03
     165  -4.573385445557E-05  -3.589722662239E-03
     166  -5.841706700528E-05  -4.585248100926E-03
     167  -6.084242453486E-05  -4.775618254319E-03
     168  -3.613549195104E-05  -2.836331988895E-03
     169   2.523954411426E-05   1.981091787913E-03
     170   1.180180433226E-04   9.263423118641E-03
     171   2.264234618305E-04   1.777233609262E-02
     172   3.315260900326E-04   2.602200782507E-02
     173   4.181458318909E-04   3.282092853813E-02
     174   4.824643156750E-04   3.786938818775E-02
     175   5.332282493270E-04   4.185392973196E-02
     176   5.821323629461E-04   4.569249105650E-02
     177   6.306735582152E-04   4.950256634502E-02
     178   6.638319293096E-04   5.210521940318E-02
     179   6.557160235776E-04   5.146818910959E-02
     180   5.853999907243E-04   4.594897233556E-02
     181   4.542727457629E-04   3.565658722002E-02
     182   2.910744951703E-04   2.284689808352E-02
     183   1.395252049813E-04   1.095155429686E-02
     184   3.520172162823E-05   2.763038877501E-03
     185  -1.409844624059E-05  -1.106609372306E-03
     186  -2.977996679233E-05  -2.337476754316E-03
     187  -4.399270825157E-05  -3.453057339336E-03
     188  -7.932790688332E-05  -6.226573038223E-03
     189  -1.424915881541E-04  -1.118439040978E-02
     190  -2.278867384988E-04  -1.788719099562E-02
     191  -3.240383400724E-04  -2.543428247278E-02
     192  -4.196084507204E-04  -3.293573180632E-02
     193  -5.077200360117E-04  -3.985174967299E-02
     194  -5.869788379060E-04  -4.607289855118E-02
     195  -6.573735651112E-04  -5.159829216951E-02
     196  -7.140515055942E-04  -5.604703347555E-02
     197  -7.474690200764E-04  -5.867002710862E-02
     198  -7.524053845486E-04  -5.905749017347E-02
     199  -7.353175786716E-04  -5.771624122923E-02
     200  -7.110655612133E-04  -5.581266197243E-02
     201  -6.935379031427E-04  -5.443688833295E-02
     202  -6.897249089510E-04  -5.413760038043E-02
     203  -6.977295629146E-04  -5.476589834653E-02
     204  -7.055914969014E-04  -5.538299399563E-02
     205  -6.952569515685E-04  -5.457181916625E-02
     206  -6.551403687748E-04  -5.142300505249E-02
     207  -5.888184543405E-04  -4.621729295842E-02
     208  -5.114203980231E-04  -4.014219694730E-02
     209  -4.390287287179E-04  -3.446006018110E-02
     210  -3.772419934015E-04  -2.961032147809E-02
     211  -3.206683541543E-04  -2.516976694123E-02
     212  -2.625202010663E-04  -2.060562631953E-02
     213  -2.018729182064E-04  -1.584532504431E-02
     214  -1.433561890498E-04  -1.125225430330E-02
     215  -9.220573513557E-05  -7.237374171603E-03
     216  -5.142463011117E-05  -4.036400655595E-03
     217  -2.316203173748E-05  -1.818024551425E-03
     218  -1.197294553994E-05  -9.397754562814E-04
     219  -2.524786666264E-05  -1.981745037915E-03
     220  -6.828303963256E-05  -5.359643916602E-03
     221  -1.399240024709E-04  -1.098285654337E-02
     222  -2.313694415458E-04  -1.816055387314E-02
     223  -3.275509801030E-04  -2.570999515155E-02
     224  -4.120233974465E-04  -3.234036896285E-02
     225  -4.729734447417E-04  -3.712443469806E-02
     226  -5.046004918694E-04  -3.960689171302E-02
     227  -5.050918864395E-04  -3.964546205102E-02
     228  -4.776971225003E-04  -3.749520364595E-02
     229  -4.322609282658E-04  -3.392884480585E-02
     230  -3.821470232603E-04  -2.999532503951E-02
     231  -3.398430631787E-04  -2.667482021841E-02
     232  -3.153215168525E-04  -2.475008521393E-02
     233  -3.150324558523E-04  -2.472739635826E-02
     234  -3.409742057076E-04  -2.676360538683E-02
     235  -3.921348203928E-04  -3.077928305353E-02
     236  -4.639867246223E-04  -3.641905280415E-02
     237  -5.444163360042E-04  -4.273210037317E-02
     238  -6.124593510253E-04  -4.807290437791E-02
     239  -6.446357689149E-04  -5.059848237397E-02
     240  -6.262922186258E-04  -4.915866806218E-02
     241  -5.609081468550E-04  -4.402656872396E-02
     242  -4.691208827826E-04  -3.682204100882E-02
     243  -3.786016695623E-04  -2.971704461319E-02
     244  -3.133171082072E-04  -2.459275600510E-02
     245  -2.875566070425E-04  -2.257077347329E-02
     246  -3.044511344887E-04  -2.389685168741E-02
     247  -3.553721127466E-04  -2.789371991144E-02
     248  -4.196473390442E-04  -3.293878421244E-02
     249  -4.704594756322E-04  -3.692710928144E-02
     250  -4.880586881576E-04  -3.830849934340E-02
     251  -4.699007987053E-04  -3.688325784470E-02
     252  -4.289435211542E-04  -3.366845626807E-02
     253  -3.839210685758E-04  -3.013457266578E-02
     254  -3.485310914408E-04  -2.735675731542E-02
     255  -3.269799615556E-04  -2.566517500148E-02
     256  -3.181969735907E-04  -2.497578436701E-02
     257  -3.228988630907E-04  -2.534484311997E-02
     258  -3.455213465283E-04  -2.712051767089E-02
     259  -3.877999406229E-04  -3.043903147550E-02
     260  -4.401956310637E-04  -3.455165219418E-02
     261  -4.813160275430E-04  -3.777925723379E-02
     262  -4.882311921918E-04  -3.832203945822E-02
     263  -4.489939642953E-04  -3.524224730293E-02
     264  -3.683957786290E-04  -2.891596807136E-02
     265  -2.657457845285E-04  -2.085880747365E-02
     266  -1.658700544712E-04  -1.301940325412E-02
     267  -8.840878993449E-05  -6.939345929771E-03
     268  -4.264436945666E-05  -3.347224092039E-03
     269  -2.908002718109E-05  -2.282537385776E-03
     270  -4.196560015077E-05  -3.293946414292E-03
     271  -6.880923478647E-05  -5.400945807537E-03
     272  -9.185535791397E-05  -7.209872508607E-03
     273  -9.413120317137E-05  -7.388507206983E-03
     274  -6.553947476474E-05  -5.144297165305E-03
     275  -7.437635435240E-06  -5.837917838588E-04
     276   6.563736979173E-05   5.151981101004E-03
     277   1.317008420107E-04   1.033740765632E-02
     278   1.738646786187E-04   1.364691396407E-02
     279   1.902842151232E-04   1.493570938696E-02
     280   1.950305964365E-04   1.530826037281E-02
     281   2.111613930373E-04   1.657439214340E-02
     282   2.592396883763E-04   2.034813368334E-02
     283   3.469902411360E-04   2.723581353485E-02
     284   4.636605474719E-04   3.639345064307E-02
     285   5.831333814446E-04   4.577106258370E-02
     286   6.769816937332E-04   5.313736523730E-02
     287   7.280901539670E-04   5.714894921852E-02
     288   7.345634202795E-04   5.765704614272E-02
     289   7.042694801544E-04   5.527922680756E-02
     290   6.460083456296E-04   5.070621809397E-02
     291   5.667122120496E-04   4.448213899264E-02
     292   4.756550607418E-04   3.733491898463E-02
     293   3.868481692958E-04   3.036432543677E-02
     294   3.138930050137E-04   2.463795905746E-02
     295   2.633146027509E-04   2.066798016580E-02
     296   2.350417191532E-04   1.844879675811E-02
     297   2.274767653057E-04   1.785501155045E-02
     298   2.390572508926E-04   1.876398220350E-02
     299   2.657573964560E-04   2.085971891223E-02
     300   2.973336382086E-04   2.333818813283E-02
     301   3.177300052879E-04   2.493913128541E-02
     302   3.124229074979E-04   2.452256877534E-02
     303   2.775970977909E-04   2.178903581984E-02
     304   2.236313907392E-04   1.755318201103E-02
     305   1.714161612249E-04   1.345472595626E-02
     306   1.429761275200E-04   1.122242267195E-02
     307   1.500390811478E-04   1.177680508738E-02
     308   1.885468259814E-04   1.479933896182E-02
     309   2.423580956121E-04   1.902307073289E-02
     310   2.916905104475E-04   2.289525009817E-02
     311   3.201523034648E-04   2.512926130537E-02
     312   3.174440518137E-04   2.491668634437E-02
     313   2.809806122610E-04   2.205461322887E-02
     314   2.182711073280E-04   1.713244487732E-02
     315   1.478607611801E-04   1.160582530343E-02
     316   9.476900268446E-05   7.438569100811E-03
     317   7.941865718177E-05   6.233696172864E-03
     318   1.048730457246E-04   8.231651440212E-03
     319   1.533588591874E-04   1.203737972305E-02
     320   1.962837559043E-04   1.540662284399E-02
     321   2.066958407010E-04   1.622388386869E-02
     322   1.691665867583E-04   1.327815329386E-02
     323   8.707423733861E-05   6.834594783067E-03
     324  -1.707750306308E-05  -1.340440260061E-03
     325  -1.123542905263E-04  -8.818866192306E-03
     326  -1.747161536869E-04  -1.371374759060E-02
     327  -1.972446400707E-04  -1.548204416391E-02
     328  -1.907515953642E-04  -1.497239480224E-02
     329  -1.762513003609E-04  -1.383424368417E-02
     330  -1.751538753178E-04  -1.374810505461E-02
     331  -2.001199861462E-04  -1.570773463089E-02
     332  -2.494440928269E-04  -1.957926187595E-02
     333  -3.084010543497E-04  -2.420688715256E-02
     334  -3.552422667062E-04  -2.788352809010E-02
     335  -3.689022942698E-04  -2.895572528615E-02
     336  -3.371227852132E-04  -2.646130129295E-02
     337  -2.618458554835E-04  -2.055269586682E-02
     338  -1.588084704426E-04  -1.246512834070E-02
     339  -5.100834801976E-05  -4.003726014998E-03
     340   4.030137421445E-05   3.163318685014E-03
     341   9.794816201037E-05   7.688106350950E-03
     342   1.066662625893E-04   8.372403871735E-03
     343   5.436724321776E-05   4.267371018375E-03
     344  -6.218438459839E-05  -4.880950824889E-03
     345  -2.327322858665E-04  -1.826752568212E-02
     346  -4.335540902167E-04  -3.403034713528E-02
     347  -6.328867306185E-04  -4.967628175182E-02
     348  -8.008101961949E-04  -6.285686049545E-02
     349  -9.175285503379E-04  -7.201826895214E-02
     350  -9.765641242810E-04  -7.665206464211E-02
     351  -9.852932600194E-04  -7.733722833003E-02
     352  -9.612998938596E-04  -7.545395102327E-02
     353  -9.229841512503E-04  -7.244648770747E-02
     354  -8.800399131714E-04  -6.907572645239E-02
     355  -8.317881234939E-04  -6.528836706708E-02
     356  -7.739071912358E-04  -6.074520103150E-02
     357  -7.069682240343E-04  -5.549105548854E-02
     358  -6.387617906398E-04  -5.013742451688E-02
     359  -5.785955603240E-04  -4.541488181766E-02
     360  -5.305028898071E-04  -4.164001194725E-02
     361  -4.923775041184E-04  -3.864749004761E-02
     362  -4.600040103057E-04  -3.610644325025E-02
     363  -4.298310193149E-04  -3.373811740419E-02
     364  -4.003364198942E-04  -3.142303958679E-02
     365  -3.754111808110E-04  -2.946661809851E-02
     366  -3.649283774180E-04  -2.864380625920E-02
     367  -3.771971597033E-04  -2.960680241012E-02
     368  -4.099126896436E-04  -3.217469616479E-02
     369  -4.508567874529E-04  -3.538846324262E-02
     370  -4.887006108658E-04  -3.835888487334E-02
     371  -5.244321112848E-04  -4.116350692711E-02
     372  -5.734179171038E-04  -4.500848040179E-02
     373  -6.538183940755E-04  -5.131924116481E-02
     374  -7.680137051070E-04  -6.028261197209E-02
     375  -8.945659761282E-04  -7.021590013794E-02
     376  -9.979671630725E-04  -7.833202305159E-02
     377  -1.047623658790E-03  -8.222964003852E-02
     378  -1.032917935894E-03  -8.107536455984E-02
     379  -9.643010705031E-04  -7.568951813080E-02
     380  -8.627156220313E-04  -6.771591540534E-02
     381  -7.508716810673E-04  -5.893710735839E-02
     382  -6.471154081932E-04  -5.079311318778E-02
     383  -5.600689592606E-04  -4.396069956071E-02
     384  -4.868784531826E-04  -3.821586083114E-02
     385  -4.179118297504E-04  -3.280256133955E-02
     386  -3.440065517103E-04  -2.700161902673E-02
     387  -2.614501334056E-04  -2.052163501424E-02
     388  -1.754700683109E-04  -1.377292354337E-02
     389  -1.013843841664E-04  -7.957820869718E-03
     390  -5.735816727589E-05  -4.502133384248E-03
     391  -5.040202695434E-05  -3.956134914379E-03
     392  -6.952843350749E-05  -5.457396854103E-03
     393  -9.284491783526E-05  -7.287544633937E-03
     394  -1.009792984204E-04  -7.926025048003E-03
     395  -8.570467309219E-05  -6.727095516467E-03
     396  -5.123904831146E-05  -4.021834046240E-03
     397  -1.290730278159E-05  -1.013114635865E-03
     398   7.291881719426E-06   5.723513438829E-04
     399  -8.174916627342E-06  -6.416621522158E-04
     400  -6.068120952829E-05  -4.762964233146E-03
     401  -1.348704820335E-04  -1.058619772128E-02
     402  -2.076162429109E-04  -1.629612769573E-02
     403  -2.564796881919E-04  -2.013149689801E-02
     404  -2.653930382261E-04  -2.083111985775E-02
     405  -2.300942916902E-04  -1.806046534159E-02
     406  -1.621625856748E-04  -1.272839815698E-02
     407  -8.458060153995E-05  -6.638865360206E-03
     408  -1.827949469951E-05  -1.434786487128E-03
     409   2.956229049726E-05   2.320390997195E-03
     410   6.737111426474E-05   5.288065450319E-03
     411   1.131348909040E-04   8.880136752141E-03
     412   1.860934069030E-04   1.460676621303E-02
     413   2.996489513854E-04   2.351992073070E-02
     414   4.543413710646E-04   3.566197372863E-02
     415   6.330436249123E-04   4.968859663341E-02
     416   8.033631260023E-04   6.305724399896E-02
     417   9.282022433418E-04   7.285606401932E-02
     418   9.813032736145E-04   7.702404797841E-02
     419   9.586297072949E-04   7.524436385119E-02
     420   8.783009617539E-04   6.893923340176E-02
     421   7.702772443527E-04   6.046028075211E-02
     422   6.640542500999E-04   5.212266971409E-02
     423   5.811710847193E-04   4.561703880616E-02
     424   5.354543532606E-04   4.202866015506E-02
     425   5.360554879589E-04   4.207584416952E-02
     426   5.857245677861E-04   4.597444890316E-02
     427   6.762761472567E-04   5.308198577702E-02
     428   7.865995113211E-04   6.174144133508E-02
     429   8.902935455149E-04   6.988055029311E-02
     430   9.688742759090E-04   7.604847626543E-02
     431   1.017939651838E-03   7.989969532409E-02
     432   1.040186919423E-03   8.164591858846E-02
     433   1.034368307196E-03   8.118920650019E-02
     434   9.921073134265E-04   7.787207417298E-02
     435   9.031616804578E-04   7.089059058329E-02
     436   7.645523086489E-04   6.001092148248E-02
     437   5.861299163184E-04   4.600626535138E-02
     438   3.880040893200E-04   3.045505543003E-02
     439   1.955338935517E-04   1.534776496042E-02
     440   3.796551767858E-05   2.979973606354E-03
     441  -5.572209746892E-05  -4.373715674151E-03
     442  -6.952255019554E-05  -5.456935063631E-03
     443  -1.101370601411E-05  -8.644832268074E-04
     444   9.196569685398E-05   7.218533186746E-03
     445   2.047942267927E-04   1.607462318156E-02
     446   2.988906082686E-04   2.346039717852E-02
     447   3.588668583171E-04   2.816802802570E-02
     448   3.846612385645E-04   3.019266978036E-02
     449   3.880169532201E-04   3.045606513793E-02
     450   3.829206028099E-04   3.005604452343E-02
     451   3.762507717297E-04   2.953251891933E-02
     452   3.653079531903E-04   2.867359976267E-02
     453   3.407653171816E-04   2.674720939562E-02
     454   2.919490158912E-04   2.291554059983E-02
     455   2.136017134717E-04   1.676593675889E-02
     456   1.123385669427E-04   8.817632023329E-03
     457   8.280980144642E-06   6.499872456553E-04
     458  -7.283785701973E-05  -5.717158746518E-03
     459  -1.137864735775E-04  -8.931280508055E-03
     460  -1.136552987362E-04  -8.920984387035E-03
     461  -8.336638785223E-05  -6.543559804978E-03
     462  -3.487319008866E-05  -2.737251916684E-03
     463   2.366513929619E-05   1.857514260450E-03
     464   8.473164631296E-05   6.650721103640E-03
     465   1.400367772072E-04   1.099170841102E-02
     466   1.857011480253E-04   1.457597719251E-02
     467   2.267914938447E-04   1.780122350825E-02
     468   2.737523178986E-04   2.148725295734E-02
     469   3.341846971259E-04   2.623068610611E-02
     470   4.088480107565E-04   3.209112783288E-02
     471   4.926876712658E-04   3.867183555821E-02
     472   5.768239080949E-04   4.527582202854E-02
     473   6.527187436707E-04   5.123292786308E-02
     474   7.159349312167E-04   5.619486653533E-02
     475   7.635545148125E-04   5.993260306411E-02
     476   7.887096908801E-04   6.190707267043E-02
     477   7.802964875664E-04   6.124670701884E-02
     478   7.293872719868E-04   5.725076206607E-02
     479   6.370426880949E-04   5.000248943569E-02
     480   5.175661925506E-04   4.062459009250E-02
     481   3.930969739156E-04   3.085480400724E-02
     482   2.824769198125E-04   2.217206077821E-02
     483   1.959202299433E-04   1.537808911562E-02
     484   1.379271806551E-04   1.082612283680E-02
     485   1.092393596856E-04   8.574370337687E-03
     486   1.034792248311E-04   8.122248230967E-03
     487   1.051509492131E-04   8.253464525126E-03
     488   9.464647957605E-05   7.428952067999E-03
     489   5.740694317280E-05   4.505961881640E-03
     490  -8.982936708783E-06  -7.050849280221E-04
     491  -9.355003440782E-05  -7.342890350369E-03
     492  -1.769386575300E-04  -1.388819543690E-02
     493  -2.387440360293E-04  -1.873939747286E-02
     494  -2.608940575707E-04  -2.047798774134E-02
     495  -2.266991806484E-04  -1.779397769928E-02
     496  -1.202966827950E-04  -9.442277139379E-03
     497   6.664588506570E-05   5.231141061984E-03
     498   3.208050743042E-04   2.518049832230E-02
     499   6.008587957913E-04   4.716235842647E-02
     500   8.500040257780E-04   6.671816208481E-02
     501   1.017973912464E-03   7.990238449485E-02
     502   1.078726090835E-03   8.467091918481E-02
     503   1.038135464181E-03   8.148489661780E-02
     504   9.296327811655E-04   7.296834919856E-02
     505   7.995936200585E-04   6.276136950788E-02
     506   6.907409359347E-04   5.421734994740E-02
     507   6.290291267813E-04   4.937349231758E-02
     508   6.180401435345E-04   4.851094961993E-02
     509   6.434814610921E-04   5.050787892494E-02
     510   6.816927870440E-04   5.350714641194E-02
     511   7.059239714232E-04   5.540909044737E-02
     512   6.935085007780E-04   5.443458049478E-02
     513   6.349733363056E-04   4.984006273663E-02
     514   5.377604697484E-04   4.220967089025E-02
     515   4.198646914035E-04   3.295584454333E-02
     516   2.978813228053E-04   2.338117676416E-02
     517   1.801003203807E-04   1.413635936099E-02
     518   6.923472346419E-05   5.434343087673E-03
     519  -3.099714431269E-05  -2.433014945461E-03
     520  -1.140645893855E-04  -8.953110258265E-03
     521  -1.758244033406E-04  -1.380073586100E-02
     522  -2.207820451858E-04  -1.732953236620E-02
     523  -2.605473490580E-04  -2.045077404111E-02
     524  -3.035210519999E-04  -2.382384803995E-02
     525  -3.458810822298E-04  -2.714875389579E-02
     526  -3.733725702279E-04  -2.930660432541E-02
     527  -3.711436587567E-04  -2.913165353424E-02
     528  -3.322915498016E-04  -2.608208997456E-02
     529  -2.583057995516E-04  -2.027483127054E-02
     530  -1.551184730987E-04  -1.217549460554E-02
     531  -3.276692291142E-05  -2.571927670370E-03
     532   9.173950751656E-05   7.200779227449E-03
     533   1.963370515787E-04   1.541080610588E-02
     534   2.619580032557E-04   2.056149852306E-02
     535   2.786292541770E-04   2.187005140915E-02
     536   2.464906125315E-04   1.934743853031E-02
     537   1.753881726401E-04   1.376649542248E-02
     538   8.567482990600E-05   6.724753077522E-03
     539   5.793119562269E-06   4.547111286660E-04
     540  -3.823071290920E-05  -3.000789199980E-03
     541  -3.565072966631E-05  -2.798282229477E-03
     542   4.423134802617E-06   3.471788553164E-04
     543   5.927116161990E-05   4.652287339807E-03
     544   1.051855291388E-04   8.256178758257E-03
     545   1.303998204848E-04   1.023528841639E-02
     546   1.387712372867E-04   1.089237417850E-02
     547   1.437403924159E-04   1.128241103395E-02
     548   1.620378970370E-04   1.271861114834E-02
     549   2.094679130711E-04   1.644146821899E-02
     550   2.940670529145E-04   2.308178868000E-02
     551   4.091570757985E-04   3.211538683747E-02
     552   5.336732463586E-04   4.188885825369E-02
     553   6.401161346919E-04   5.024372912633E-02
     554   7.048719367383E-04   5.532651457891E-02
     555   7.157401369633E-04   5.617957682590E-02
     556   6.753314162186E-04   5.300783234173E-02
     557   5.998138320641E-04   4.708033756868E-02
     558   5.109930419818E-04   4.010865309485E-02
     559   4.244013852933E-04   3.331193683124E-02
     560   3.432202733710E-04   2.693990279469E-02
     561   2.624394156093E-04   2.059928534108E-02
     562   1.769522235488E-04   1.388926025520E-02
     563   8.945366443460E-05   7.021359783990E-03
     564   1.300966227855E-05   1.021148994882E-03
     565  -3.614018495766E-05  -2.836700350416E-03
     566  -4.983691297372E-05  -3.911778223102E-03
     567  -3.151506616515E-05  -2.473667451863E-03
     568   9.731501849138E-06   7.638409913472E-04
     569   6.751127680637E-05   5.299067030179E-03
     570   1.410004313210E-04   1.106734714849E-02
     571   2.295440059115E-04   1.801727253937E-02
     572   3.254064542494E-04   2.554166792114E-02
     573   4.123975278895E-04   3.236973505381E-02
     574   4.707597433285E-04   3.695067776844E-02
     575   4.838602951530E-04   3.797896082771E-02
     576   4.445837325039E-04   3.489608122540E-02
     577   3.598686075613E-04   2.824665691028E-02
     578   2.486330787623E-04   1.951560409767E-02
     579   1.346013733280E-04   1.056507495281E-02
     580   3.964221758800E-05   3.111580437536E-03
     581  -2.173008283622E-05  -1.705628614472E-03
     582  -4.577903504288E-05  -3.593268958087E-03
     583  -3.971310081256E-05  -3.117144174085E-03
     584  -1.839278448887E-05  -1.443678782105E-03
     585   1.479740400369E-06   1.161471674030E-04
     586   5.923224328664E-06   4.649232578196E-04
     587  -1.270930989619E-05  -9.975738607400E-04
     588  -5.143303997446E-05  -4.037060759083E-03
     589  -9.320729662800E-05  -7.315988319257E-03
     590  -1.068239876455E-04  -8.384783961176E-03
     591  -5.597002974593E-05  -4.393176271210E-03
     592   8.388589446311E-05   6.584336701578E-03
     593   3.135540044200E-04   2.461135036400E-02
     594   6.086578565294E-04   4.777451905472E-02
     595   9.256050736671E-04   7.265220805857E-02
     596   1.214573677143E-03   9.533381136805E-02
     597   1.432272735046E-03   1.124213551800E-01
     598   1.550477892281E-03   1.216994651660E-01
     599   1.562687145420E-03   1.226577887800E-01
     600   1.484825304814E-03   1.165462896055E-01
     601   1.346688596621E-03   1.057037206205E-01
     602   1.179757819697E-03   9.260105958128E-02
     603   1.010653791009E-03   7.932781656942E-02
     604   8.596834481908E-04   6.747791527872E-02
     605   7.392555276075E-04   5.802533707751E-02
     606   6.519233388457E-04   5.117049527874E-02
     607   5.911524212651E-04   4.640048971850E-02
     608   5.481872576952E-04   4.302808598849E-02
     609   5.203566864361E-04   4.084362037672E-02
     610   5.105873802389E-04   4.007681206222E-02
     611   5.190237653923E-04   4.073899729312E-02
     612   5.393064292650E-04   4.233101570096E-02
     613   5.627145775114E-04   4.416835832692E-02
     614   5.826195035143E-04   4.573072749115E-02
     615   5.942593938559E-04   4.664436091747E-02
     616   5.912541557956E-04   4.640847502291E-02
     617   5.644651665238E-04   4.430576483081E-02
     618   5.046344405749E-04   3.960955640067E-02
     619   4.044332517675E-04   3.174460640844E-02
     620   2.605766244087E-04   2.045307190975E-02
     621   8.051039805890E-05   6.319388643236E-03
     622  -1.132986367791E-04  -8.892989425195E-03
     623  -2.905143957670E-04  -2.280293499436E-02
     624  -4.287741674464E-04  -3.365516342735E-02
     625  -5.230248139267E-04  -4.105304592881E-02
     626  -5.797673291838E-04  -4.550685581114E-02
     627  -6.052052224088E-04  -4.750351633486E-02
     628  -5.996678530859E-04  -4.706887944750E-02
     629  -5.598691933698E-04  -4.394501961958E-02
     630  -4.844582468207E-04  -3.802589500105E-02
     631  -3.779627812398E-04  -2.966689725699E-02
     632  -2.509043925495E-04  -1.969388311377E-02
     633  -1.175681046719E-04  -9.228106721406E-03
     634   6.303233599475E-06   4.947507872840E-04
     635   1.070844742188E-04   8.405229964831E-03
     636   1.785574414831E-04   1.401525635295E-02
     637   2.252342385794E-04   1.767899207634E-02
     638   2.610906451980E-04   2.049341821552E-02
     639   3.036929549541E-04   2.383734097506E-02
     640   3.645501596976E-04   2.861411935136E-02
     641   4.397973947647E-04   3.452039399641E-02
     642   5.123429589566E-04   4.021461021598E-02
     643   5.644324687784E-04   4.430319833300E-02
     644   5.886139917077E-04   4.620124436257E-02
     645   5.911514188054E-04   4.640041103385E-02
     646   5.882296005751E-04   4.617107289384E-02
     647   5.963603335882E-04   4.680926700420E-02
     648   6.223541655930E-04   4.884956404316E-02
     649   6.609792984631E-04   5.188131189049E-02
     650   7.024741934830E-04   5.513831191363E-02
     651   7.424751392685E-04   5.827804949549E-02
     652   7.864967833354E-04   6.173337805279E-02
     653   8.472128094137E-04   6.649907509209E-02
     654   9.370026383319E-04   7.354682095876E-02
     655   1.058871768389E-03   8.311252197391E-02
     656   1.199558194262E-03   9.415522233751E-02
     657   1.328753660189E-03   1.042959790574E-01
     658   1.408918874465E-03   1.105882736789E-01
     659   1.414348007194E-03   1.110144149046E-01
     660   1.345089354967E-03   1.055781936104E-01
     661   1.223939614532E-03   9.606895862594E-02
     662   1.079069221008E-03   8.469785201551E-02
     663   9.246622895307E-04   7.257820743867E-02
     664   7.568542609119E-04   5.940668952466E-02
     665   5.684594313693E-04   4.461928100402E-02
     666   3.649134943544E-04   2.864263806396E-02
     667   1.645209265759E-04   1.291350806908E-02
     668  -1.369313361633E-05  -1.074795742558E-03
     669  -1.583663268476E-04  -1.243042378973E-02
     670  -2.639045386412E-04  -2.071428516808E-02
     671  -3.250216629235E-04  -2.551146504060E-02
     672  -3.352115191799E-04  -2.631128299524E-02
     673  -2.929653953193E-04  -2.299531783071E-02
     674  -2.111822732829E-04  -1.657603106695E-02
     675  -1.183726875826E-04  -9.291259708240E-03
     676  -4.697298004886E-05  -3.686983592387E-03
     677  -1.706995824342E-05  -1.339848055217E-03
     678  -2.727932519815E-05  -2.141197435469E-03
     679  -5.956358590475E-05  -4.675240185019E-03
     680  -9.632106824615E-05  -7.560393184664E-03
     681  -1.331425857709E-04  -1.045057240726E-02
     682  -1.751713143704E-04  -1.374947387346E-02
     683  -2.262919649466E-04  -1.776201469396E-02
     684  -2.832172036351E-04  -2.223016682779E-02
     685  -3.387755477958E-04  -2.659102924544E-02
     686  -3.888507733002E-04  -3.052151299648E-02
     687  -4.351053607854E-04  -3.415210881887E-02
     688  -4.805949232403E-04  -3.772265661511E-02
     689  -5.225244074922E-04  -4.101376823531E-02
     690  -5.515474717369E-04  -4.329183450999E-02
     691  -5.603116475600E-04  -4.397974854966E-02
     692  -5.523830557867E-04  -4.335742082533E-02
     693  -5.441859424571E-04  -4.271401641880E-02
     694  -5.574821413826E-04  -4.375765612887E-02
     695  -6.062348174563E-04  -4.758433088065E-02
     696  -6.882493053077E-04  -5.402177791364E-02
     697  -7.874456250723E-04  -6.180785414335E-02
     698  -8.812407144605E-04  -6.916997924721E-02
     699  -9.458636719861E-04  -7.424233752298E-02
     700  -9.602847053313E-04  -7.537426726799E-02
     701  -9.134546195588E-04  -7.169849967365E-02
     702  -8.070205812399E-04  -6.334432345265E-02
     703  -6.507750843091E-04  -5.108036696173E-02
     704  -4.611063992064E-04  -3.619297150085E-02
     705  -2.629921712993E-04  -2.064267201055E-02
     706  -8.817312697327E-05  -6.920848370739E-03
     707   3.351437483351E-05   2.630596355431E-03
     708   8.671088233432E-05   6.806074473357E-03
     709   7.865093860877E-05   6.173436726278E-03
     710   3.468193941096E-05   2.722240348119E-03
     711  -1.717982153644E-05  -1.348471399070E-03
     712  -5.994857343063E-05  -4.705458465608E-03
     713  -9.112279628265E-05  -7.152372586050E-03
     714  -1.178996269949E-04  -9.254128433553E-03
     715  -1.475769216565E-04  -1.158354628973E-02
     716  -1.795509772170E-04  -1.409324054610E-02
     717  -2.059079814423E-04  -1.616204354779E-02
     718  -2.194920764428E-04  -1.722828067672E-02
     719  -2.207263443753E-04  -1.732516032138E-02
     720  -2.181362852781E-04  -1.712186248111E-02
     721  -2.243334082117E-04  -1.760828447419E-02
     722  -2.502037458353E-04  -1.963888824361E-02
     723  -3.004657022479E-04  -2.358402879934E-02
     724  -3.718668926555E-04  -2.918842130831E-02
     725  -4.535780867908E-04  -3.560206233721E-02
     726  -5.286362573850E-04  -4.149349701237E-02
     727  -5.807582048360E-04  -4.558463121026E-02
     728  -6.056762237347E-04  -4.754048597483E-02
     729  -6.185897009660E-04  -4.855408525303E-02
     730  -6.505149280011E-04  -5.105994688112E-02
     731  -7.331506971721E-04  -5.754615926877E-02
     732  -8.810580681164E-04  -6.915564304642E-02
     733  -1.081068969648E-03  -8.485481545313E-02
     734  -1.294953117056E-03  -1.016429208990E-01
     735  -1.474992907457E-03  -1.157745291660E-01
     736  -1.583704830884E-03  -1.243075001965E-01
     737  -1.606302316151E-03  -1.260812126014E-01
     738  -1.550969765547E-03  -1.217380730776E-01
     739  -1.439970133188E-03  -1.130255361501E-01
     740  -1.300118333342E-03  -1.020483469051E-01
     741  -1.156085248957E-03  -9.074296201497E-02
     742  -1.023924781980E-03  -8.036947766722E-02
     743  -9.081054924023E-04  -7.127863821204E-02
     744  -8.061582674261E-04  -6.327663907581E-02
     745  -7.171687072015E-04  -5.629170756624E-02
     746  -6.476926814947E-04  -5.083842428341E-02
     747  -6.080219743129E-04  -4.772460765254E-02
     748  -6.005917981488E-04  -4.714140135868E-02
     749  -6.132808367578E-04  -4.813738409399E-02
     750  -6.226627504397E-04  -4.887378535647E-02
     751  -6.037560879159E-04  -4.738977147360E-02
     752  -5.403249475609E-04  -4.241096081496E-02
     753  -4.283946299040E-04  -3.362537292460E-02
     754  -2.741941826283E-04  -2.152193561973E-02
     755  -9.085258300677E-05  -7.131163118105E-03
     756   1.050215948354E-04   8.243311295169E-03
     757   2.951617684181E-04   2.316771463350E-02
     758   4.596890936376E-04   3.608172494225E-02
     759   5.788740820196E-04   4.543674342663E-02
     760   6.391405324824E-04   5.016715256390E-02
     761   6.398511922497E-04   5.022293337446E-02
     762   5.959050317105E-04   4.677352963879E-02
     763   5.340587827007E-04   4.191911961173E-02
     764   4.824069939890E-04   3.786488891785E-02
     765   4.576361775259E-04   3.592058830557E-02
     766   4.574753667382E-04   3.590796601217E-02
     767   4.608362576228E-04   3.617176766015E-02
     768   4.388677513784E-04   3.444742481479E-02
     769   3.748616801500E-04   2.942348692142E-02
     770   2.783907796837E-04   2.185133316852E-02
     771   1.827522979653E-04   1.434451728138E-02
     772   1.286663520783E-04   1.009922573597E-02
     773   1.453741021072E-04   1.141064349483E-02
     774   2.370851709398E-04   1.860919052494E-02
     775   3.785808830147E-04   2.971541304415E-02
     776   5.235043962290E-04   4.109068910321E-02
     777   6.227987099640E-04   4.888445703484E-02
     778   6.442866775532E-04   5.057108164015E-02
     779   5.831292049901E-04   4.577073476717E-02
     780   4.594423493327E-04   3.606235759101E-02
     781   3.083622736013E-04   2.420384319020E-02
     782   1.665226934720E-04   1.307062992283E-02
     783   5.852649641202E-05   4.593837388357E-03
     784  -8.457603146083E-06  -6.638506647458E-04
     785  -4.155401153717E-05  -3.261640172202E-03
     786  -5.697522090399E-05  -4.472075317068E-03
     787  -7.539629095067E-05  -5.917974277399E-03
     788  -1.143874650422E-04  -8.978453279881E-03
     789  -1.807134616759E-04  -1.418448579225E-02
     790  -2.696305666433E-04  -2.116373017394E-02
     791  -3.706746881084E-04  -2.909484328538E-02
     792  -4.726285668931E-04  -3.709736468956E-02
     793  -5.644881933916E-04  -4.430757224613E-02
     794  -6.352618467707E-04  -4.986270837994E-02
     795  -6.739076688365E-04  -5.289608015500E-02
     796  -6.721617515786E-04  -5.275904034452E-02
     797  -6.310628251913E-04  -4.953312052642E-02
     798  -5.649004129818E-04  -4.433992801457E-02
     799  -4.946172393047E-04  -3.882329040932E-02
     800  -4.326676634067E-04  -3.396077009118E-02
     801  -3.762817036561E-04  -2.953494681522E-02
     802  -3.173782222532E-04  -2.491151927792E-02
     803  -2.549236133540E-04  -2.000935811972E-02
     804  -1.954052821777E-04  -1.533767005001E-02
     805  -1.443480884168E-04  -1.133011005543E-02
     806  -1.010301708741E-04  -7.930018107459E-03
     807  -6.040239887255E-05  -4.741079943241E-03
     808  -1.836469032349E-05  -1.441473626573E-03
     809   2.408193191808E-05   1.890228973393E-03
     810   6.144571688376E-05   4.822971626182E-03
     811   8.919220268290E-05   7.000837237038E-03
     812   1.084205491765E-04   8.510100604127E-03
     813   1.234905860227E-04   9.692971661717E-03
     814   1.361986532940E-04   1.069044798686E-02
     815   1.468608545536E-04   1.152734104883E-02
     816   1.599123808106E-04   1.255177601368E-02
     817   1.827060670926E-04   1.434088854698E-02
     818   2.176429860616E-04   1.708314264440E-02
     819   2.570241260109E-04   2.017423068462E-02
     820   2.843756610539E-04   2.232109598517E-02
     821   2.811697421499E-04   2.206945833336E-02
     822   2.353965951565E-04   1.847665153760E-02
     823   1.461867630444E-04   1.147443053875E-02
     824   2.266443463465E-05   1.778967366809E-03
     825  -1.174667093124E-04  -9.220148039062E-03
     826  -2.481880481109E-04  -1.948067293707E-02
     827  -3.421116343904E-04  -2.685288396542E-02
     828  -3.811345175513E-04  -2.991585186297E-02
     829  -3.623361663239E-04  -2.844033950529E-02
     830  -2.985532115993E-04  -2.343391437963E-02
     831  -2.138160967885E-04  -1.678276404493E-02
     832  -1.359238934460E-04  -1.066888165127E-02
     833  -8.847054686609E-05  -6.944193329133E-03
     834  -8.172717247917E-05  -6.414895194417E-03
     835  -1.061208862269E-04  -8.329596417366E-03
     836  -1.350552199276E-04  -1.060069809114E-02
     837  -1.387603430048E-04  -1.089151906906E-02
     838  -1.023955704421E-04  -8.037190481855E-03
     839  -3.606931563685E-05  -2.831137705195E-03
     840   2.948548674957E-05   2.314362549409E-03
     841   5.971930658398E-05   4.687462947738E-03
     842   3.297062078353E-05   2.587916238936E-03
     843  -5.500404317715E-05  -4.317354455650E-03
     844  -1.961812197578E-04  -1.539857461947E-02
     845  -3.762244257848E-04  -2.953045098440E-02
     846  -5.773078421789E-04  -4.531380678117E-02
     847  -7.799353745670E-04  -6.121836268765E-02
     848  -9.646644057855E-04  -7.571803689251E-02
     849  -1.111847012263E-03  -8.727063275937E-02
     850  -1.201728570741E-03  -9.432557862446E-02
     851  -1.218930906236E-03  -9.567581717981E-02
     852  -1.158313397599E-03  -9.091785293049E-02
     853  -1.028193766454E-03  -8.070455701913E-02
     854  -8.499398447749E-04  -6.671312441623E-02
     855  -6.548814867359E-04  -5.140268499128E-02
     856  -4.757568408829E-04  -3.734290786909E-02
     857  -3.347930773493E-04  -2.627843883330E-02
     858  -2.355681733682E-04  -1.849011898316E-02
     859  -1.642268824690E-04  -1.289042808147E-02
     860  -1.019358453337E-04  -8.001105930061E-03
     861  -4.094449767234E-05  -3.213798463700E-03
     862   6.330569259352E-06   4.968964065176E-04
     863   1.209398001826E-05   9.492756441595E-04
     864  -5.044474655956E-05  -3.959488043845E-03
     865  -1.905981609286E-04  -1.496035149041E-02
     866  -3.964474743447E-04  -3.111779009192E-02
     867  -6.423263238525E-04  -5.041721037369E-02
     868  -8.956404707709E-04  -7.030023892406E-02
     869  -1.123336853272E-03  -8.817248857598E-02
     870  -1.299559668289E-03  -1.020044964004E-01
     871  -1.409686076219E-03  -1.106484925596E-01
     872  -1.448128051016E-03  -1.136658640397E-01
     873  -1.414646337058E-03  -1.110378312881E-01
     874  -1.313529753489E-03  -1.031010305113E-01
     875  -1.155342052040E-03  -9.068462731201E-02
     876  -9.604517707416E-04  -7.538738049661E-02
     877  -7.586837546227E-04  -5.955028938328E-02
     878  -5.800767207792E-04  -4.553114044742E-02
     879  -4.432512234469E-04  -3.479149047930E-02
     880  -3.497891127997E-04  -2.745550140414E-02
     881  -2.856400544085E-04  -2.242034022192E-02
     882  -2.309835093163E-04  -1.813026144126E-02
     883  -1.728962420806E-04  -1.357089984654E-02
     884  -1.114105380200E-04  -8.744789563518E-03
     885  -5.491391870896E-05  -4.310280443417E-03
     886  -1.083948274156E-05  -8.508081662380E-04
     887   1.835252253889E-05   1.440518557890E-03
     888   3.271998082265E-05   2.568243111484E-03
     889   3.313616379680E-05   2.600909972209E-03
     890   2.383312881687E-05   1.870700023964E-03
     891   1.518010665512E-05   1.191510611204E-03
     892   2.189883261037E-05   1.718874051484E-03
     893   5.603361088200E-05   4.398166855270E-03
     894   1.175551061053E-04   9.227086443328E-03
     895   1.890789692059E-04   1.484110772624E-02
     896   2.404478700243E-04   1.887313410139E-02
     897   2.425403875785E-04   1.903737911802E-02
     898   1.824606354992E-04   1.432162423253E-02
     899   7.016745909802E-05   5.507554984691E-03
     900  -6.925212529386E-05  -5.435708984842E-03
     901  -2.121236173305E-04  -1.664991865199E-02
     902  -3.471575925806E-04  -2.724894921476E-02
     903  -4.744549057414E-04  -3.724071691803E-02
     904  -5.968177922297E-04  -4.684517365742E-02
     905  -7.112989607803E-04  -5.583098187407E-02
     906  -8.076409951290E-04  -6.339302072132E-02
     907  -8.755360508714E-04  -6.872221116796E-02
     908  -9.136088646938E-04  -7.171060661856E-02
     909  -9.314725478091E-04  -7.311275539595E-02
     910  -9.446204365815E-04  -7.414475400723E-02
     911  -9.689604280053E-04  -7.605523847990E-02
     912  -1.016264740643E-03  -7.976822889187E-02
     913  -1.088264201835E-03  -8.541958062215E-02
     914  -1.173272648226E-03  -9.209202820233E-02
     915  -1.249845971180E-03  -9.810238958560E-02
     916  -1.296938798358E-03  -1.017987801690E-01
     917  -1.304858517469E-03  -1.024204114640E-01
     918  -1.278385057036E-03  -1.003424676301E-01
     919  -1.230073338869E-03  -9.655040436279E-02
     920  -1.172119444508E-03  -9.200151141619E-02
     921  -1.110740471778E-03  -8.718377864437E-02
     922  -1.043424713778E-03  -8.190005819490E-02
     923  -9.606017268053E-04  -7.539915078553E-02
     924  -8.528394271882E-04  -6.694071723176E-02
     925  -7.186023863618E-04  -5.640423931396E-02
     926  -5.652008685782E-04  -4.436351125015E-02
     927  -4.035054770381E-04  -3.167178390067E-02
     928  -2.416564522826E-04  -1.896799763680E-02
     929  -8.236757601434E-05  -6.465161482062E-03
     930   7.422590312735E-05   5.826108683672E-03
     931   2.255382359181E-04   1.770285330888E-02
     932   3.646964604542E-04   2.862560272943E-02
     933   4.828492711456E-04   3.789960395228E-02
     934   5.751878763819E-04   4.514740730850E-02
     935   6.434502464510E-04   5.050542883834E-02
     936   6.906973823924E-04   5.421393136089E-02
     937   7.134033822232E-04   5.599616124577E-02
     938   7.003937996939E-04   5.497501851054E-02
     939   6.413154647517E-04   5.033786644202E-02
     940   5.348607272698E-04   4.198206551096E-02
     941   3.892525257934E-04   3.055304718591E-02
     942   2.198064886095E-04   1.725295938560E-02
     943   4.706685535277E-05   3.694352013656E-03
     944  -1.071288272094E-04  -8.408711301306E-03
     945  -2.246372883650E-04  -1.763213650866E-02
     946  -2.955392208846E-04  -2.319734147535E-02
     947  -3.234131572852E-04  -2.538521088576E-02
     948  -3.267003869510E-04  -2.564323074801E-02
     949  -3.306415064292E-04  -2.595257545718E-02
     950  -3.554893083541E-04  -2.790291878027E-02
     951  -4.085967844565E-04  -3.207140868274E-02
     952  -4.843411300441E-04  -3.801670231978E-02
     953  -5.696860950386E-04  -4.471556377802E-02
     954  -6.502826483024E-04  -5.104171487972E-02
     955  -7.162552994426E-04  -5.622001274473E-02
     956  -7.653247397913E-04  -6.007155082610E-02
     957  -8.003609887020E-04  -6.282160148795E-02
     958  -8.240477032956E-04  -6.468080922766E-02
     959  -8.359338365496E-04  -6.561377065014E-02
     960  -8.340849861305E-04  -6.546865145283E-02
     961  -8.190103727333E-04  -6.428542117450E-02
     962  -7.969189809237E-04  -6.255143284653E-02
     963  -7.789033959625E-04  -6.113736105269E-02
     964  -7.753691414104E-04  -6.085995181591E-02
     965  -7.905592817395E-04  -6.205224998608E-02
     966  -8.200497277333E-04  -6.436700179442E-02
     967  -8.514411741451E-04  -6.683096613607E-02
     968  -8.674179878941E-04  -6.808501154877E-02
     969  -8.520639180196E-04  -6.687984628898E-02
     970  -8.019114500385E-04  -6.294329965363E-02
     971  -7.310486640986E-04  -5.738116736396E-02
     972  -6.604597142539E-04  -5.184052890308E-02
     973  -6.020350850401E-04  -4.725468723243E-02
     974  -5.546163420021E-04  -4.353271499710E-02
     975  -5.124060843620E-04  -4.021956502902E-02
     976  -4.734160573286E-04  -3.715917606095E-02
     977  -4.395794232453E-04  -3.450328506666E-02
     978  -4.113120913043E-04  -3.228453741730E-02
     979  -3.832185926075E-04  -3.007943421456E-02
     980  -3.444060744668E-04  -2.703297820059E-02
     981  -2.851448282086E-04  -2.238146913322E-02
     982  -2.046901312697E-04  -1.606645255911E-02
     983  -1.135844774373E-04  -8.915425511128E-03
     984  -3.023020766795E-05  -2.372816873663E-03
     985   2.666229546642E-05   2.092765794672E-03
     986   4.618698709194E-05   3.625289760467E-03
     987   2.904734552719E-05   2.279972151006E-03
     988  -1.481630612298E-05  -1.162955331307E-03
     989  -7.269362947726E-05  -5.705838098306E-03
     990  -1.335189806690E-04  -1.048011623888E-02
     991  -1.878492478245E-04  -1.474458494758E-02
     992  -2.286232768698E-04  -1.794500305878E-02
     993  -2.563450198687E-04  -2.012092656806E-02
     994  -2.804770648492E-04  -2.201508899508E-02
     995  -3.091041112162E-04  -2.426207119940E-02
     996  -3.379627485747E-04  -2.652723134740E-02
     997  -3.524965238833E-04  -2.766801038766E-02
     998  -3.387792695246E-04  -2.659132136983E-02
     999  -2.937760473778E-04  -2.305894719457E-02
    1000  -2.297641263501E-04  -1.803455014118E-02
