# lag   C(lag)   C_norm(lag)
       0   3.833757104316E+02   1.000000000000E+00
       1   3.596234981489E+02   9.380445561979E-01
       2   2.989986293297E+02   7.799102060825E-01
       3   2.251989133129E+02   5.874104884197E-01
       4   1.594583408775E+02   4.159322996701E-01
       5   1.124477414825E+02   2.933095092434E-01
       6   8.494272818546E+01   2.215652318970E-01
       7   7.224464485023E+01   1.884434586868E-01
       8   6.842570545762E+01   1.784821093141E-01
       9   6.878320899688E+01   1.794146241541E-01
      10   7.056166415332E+01   1.840535595588E-01
      11   7.266525401378E+01   1.895405786975E-01
      12   7.490978545393E+01   1.953952308809E-01
      13   7.727653721802E+01   2.015686834490E-01
      14   7.959349718890E+01   2.076122587404E-01
      15   8.158973136850E+01   2.128192505379E-01
      16   8.296930556215E+01   2.164177419293E-01
      17   8.346760379401E+01   2.177175066726E-01
      18   8.294414788940E+01   2.163521204722E-01
      19   8.145594874840E+01   2.124702909756E-01
      20   7.924258692037E+01   2.066969418359E-01
      21   7.655022897509E+01   1.996741757294E-01
      22   7.341708645666E+01   1.915016639265E-01
      23   6.969071478389E+01   1.817817688696E-01
      24   6.535272313454E+01   1.704665198037E-01
      25   6.088542026706E+01   1.588139744130E-01
      26   5.716648837557E+01   1.491134853359E-01
      27   5.486326640499E+01   1.431057443447E-01
      28   5.395751609188E+01   1.407431786201E-01
      29   5.384204071844E+01   1.404419718136E-01
      30   5.384611682886E+01   1.404526039697E-01
      31   5.371480470040E+01   1.401100884559E-01
      32   5.355085766593E+01   1.396824478151E-01
      33   5.339697058801E+01   1.392810476384E-01
      34   5.309245375671E+01   1.384867437140E-01
      35   5.250267245901E+01   1.369483538743E-01
      36   5.172198394594E+01   1.349120002613E-01
      37   5.104286994531E+01   1.331405943476E-01
      38   5.075109319473E+01   1.323795217428E-01
      39   5.092080375292E+01   1.328221960009E-01
      40   5.142411158172E+01   1.341350278134E-01
      41   5.209794891448E+01   1.358926700281E-01
      42   5.281230584849E+01   1.377560038664E-01
      43   5.337456775250E+01   1.392226119188E-01
      44   5.350719133677E+01   1.395685482435E-01
      45   5.297631381543E+01   1.381838034439E-01
      46   5.171348175669E+01   1.348898230889E-01
      47   4.985659464992E+01   1.300463052127E-01
      48   4.774813330019E+01   1.245465792458E-01
      49   4.591585442478E+01   1.197672496598E-01
      50   4.493933879900E+01   1.172200991774E-01
      51   4.513143436444E+01   1.177211626517E-01
      52   4.626317279085E+01   1.206731974198E-01
      53   4.762984126746E+01   1.242380254446E-01
      54   4.837335351049E+01   1.261774082036E-01
      55   4.779823987555E+01   1.246772776025E-01
      56   4.557579494135E+01   1.188802360224E-01
      57   4.193795487427E+01   1.093912674516E-01
      58   3.788687007599E+01   9.882438830916E-02
      59   3.494811714678E+01   9.115892372898E-02
      60   3.428249170072E+01   8.942270145943E-02
      61   3.592543094553E+01   9.370815617161E-02
      62   3.886218215565E+01   1.013683994531E-01
      63   4.165535408395E+01   1.086541294884E-01
      64   4.303817284391E+01   1.122610840302E-01
      65   4.234215431147E+01   1.104455842124E-01
      66   3.973376308258E+01   1.036418375015E-01
      67   3.616864083129E+01   9.434254661196E-02
      68   3.299214056917E+01   8.605694015417E-02
      69   3.126767261228E+01   8.155882535459E-02
      70   3.113625027990E+01   8.121602238401E-02
      71   3.163057625007E+01   8.250542585094E-02
      72   3.120218429407E+01   8.138800514758E-02
      73   2.878057869139E+01   7.507147142678E-02
      74   2.465614036743E+01   6.431325641281E-02
      75   2.045696169365E+01   5.336008812510E-02
      76   1.813643694383E+01   4.730721443831E-02
      77   1.875129222410E+01   4.891100743703E-02
      78   2.194816524221E+01   5.724975434019E-02
      79   2.633162866013E+01   6.868361229897E-02
      80   3.025042306988E+01   7.890542422687E-02
      81   3.251508013957E+01   8.481257224921E-02
      82   3.274456461619E+01   8.541116123221E-02
      83   3.119842342409E+01   8.137819526690E-02
      84   2.833645419813E+01   7.391301385845E-02
      85   2.457589724844E+01   6.410394967581E-02
      86   2.033570323373E+01   5.304379667359E-02
      87   1.614716464298E+01   4.211838205608E-02
      88   1.263995619641E+01   3.297015395727E-02
      89   1.042393951330E+01   2.718987987416E-02
      90   9.983897788373E+00   2.604207182853E-02
      91   1.145636895060E+01   2.988287635046E-02
      92   1.430589036513E+01   3.731558879676E-02
      93   1.734036825181E+01   4.523074305434E-02
      94   1.922328981207E+01   5.014216938894E-02
      95   1.905353198898E+01   4.969937184473E-02
      96   1.672604492495E+01   4.362833760678E-02
      97   1.308326694599E+01   3.412648895064E-02
      98   9.611614885534E+00   2.507100638878E-02
      99   7.561687553474E+00   1.972396098063E-02
     100   7.211192078456E+00   1.880972602656E-02
     101   8.000810479519E+00   2.086937242454E-02
     102   9.237592794645E+00   2.409540443824E-02
     103   1.059630999864E+01   2.763949230563E-02
     104   1.215088418629E+01   3.169445495807E-02
     105   1.420929981635E+01   3.706364130463E-02
     106   1.722202562434E+01   4.492205728148E-02
     107   2.161735845013E+01   5.638687549035E-02
     108   2.735258106262E+01   7.134667199396E-02
     109   3.355306915802E+01   8.752007037756E-02
     110   3.882186064956E+01   1.012632245425E-01
     111   4.203977009576E+01   1.096568430181E-01
     112   4.288686718491E+01   1.118664172454E-01
     113   4.184073510162E+01   1.091376786874E-01
     114   3.983788910614E+01   1.039134405810E-01
     115   3.770265448171E+01   9.834387900908E-02
     116   3.577354250626E+01   9.331196925852E-02
     117   3.408219716762E+01   8.890025173804E-02
     118   3.261406512938E+01   8.507076541877E-02
     119   3.125022186080E+01   8.151330668712E-02
     120   2.974754971900E+01   7.759372570971E-02
     121   2.800715263969E+01   7.305406127101E-02
     122   2.623165261851E+01   6.842283406263E-02
     123   2.476141208401E+01   6.458784792635E-02
     124   2.387023375712E+01   6.226329187691E-02
     125   2.368957159356E+01   6.179205137145E-02
     126   2.415966520974E+01   6.301824698946E-02
     127   2.504913240685E+01   6.533833971549E-02
     128   2.607430980725E+01   6.801241992587E-02
     129   2.696984079388E+01   7.034832948471E-02
     130   2.748740089455E+01   7.169833702715E-02
     131   2.740618224026E+01   7.148648569678E-02
     132   2.651166259993E+01   6.915321414099E-02
     133   2.459342735697E+01   6.414967533881E-02
     134   2.167206867854E+01   5.652958204926E-02
     135   1.831849580981E+01   4.778209811255E-02
     136   1.558291179341E+01   4.064658080678E-02
     137   1.441002867133E+01   3.758722391438E-02
     138   1.507531072804E+01   3.932255048465E-02
     139   1.719964665619E+01   4.486368381771E-02
     140   2.021045915798E+01   5.271710911268E-02
     141   2.360573490483E+01   6.157337114095E-02
     142   2.684690507499E+01   7.002766305868E-02
     143   2.931671043497E+01   7.646992137809E-02
     144   3.055474730449E+01   7.969922578060E-02
     145   3.054487087068E+01   7.967346401861E-02
     146   2.978911304613E+01   7.770213979543E-02
     147   2.911829163141E+01   7.595236432332E-02
     148   2.922301160260E+01   7.622551666014E-02
     149   3.005569359186E+01   7.839749043576E-02
     150   3.070540821157E+01   8.009221078978E-02
     151   3.008612392203E+01   7.847686513097E-02
     152   2.790589415357E+01   7.278993789709E-02
     153   2.502613235325E+01   6.527834620788E-02
     154   2.285116685091E+01   5.960515032417E-02
     155   2.232097762085E+01   5.822220086850E-02
     156   2.337177423893E+01   6.096310643315E-02
     157   2.517834794121E+01   6.567538645801E-02
     158   2.678562753574E+01   6.986782627827E-02
     159   2.750782441108E+01   7.175160987666E-02
     160   2.702393384078E+01   7.048942618288E-02
     161   2.552210411486E+01   6.657204256923E-02
     162   2.366965489381E+01   6.174010050653E-02
     163   2.206006833271E+01   5.754164317784E-02
     164   2.070406231192E+01   5.400462718051E-02
     165   1.919735074453E+01   5.007450973594E-02
     166   1.738055444800E+01   4.533556502167E-02
     167   1.582864696838E+01   4.128755822992E-02
     168   1.556448463353E+01   4.059851526849E-02
     169   1.719077093265E+01   4.484053231567E-02
     170   2.042053331842E+01   5.326506808538E-02
     171   2.438526920365E+01   6.360671409308E-02
     172   2.808664047634E+01   7.326139792403E-02
     173   3.073613429080E+01   8.017235691901E-02
     174   3.221163704830E+01   8.402106907618E-02
     175   3.321164617506E+01   8.662950017795E-02
     176   3.466232304919E+01   9.041345631983E-02
     177   3.685351757197E+01   9.612898409886E-02
     178   3.901929979047E+01   1.017782262380E-01
     179   3.968845657753E+01   1.035236596832E-01
     180   3.762396184376E+01   9.813861655816E-02
     181   3.277830027323E+01   8.549915756615E-02
     182   2.660416663599E+01   6.939450234350E-02
     183   2.140381960768E+01   5.582987921584E-02
     184   1.900791151958E+01   4.958037507952E-02
     185   1.964515959145E+01   5.124257759922E-02
     186   2.193050542860E+01   5.720369035354E-02
     187   2.401250324606E+01   6.263438864977E-02
     188   2.472563590373E+01   6.449452907670E-02
     189   2.389077157674E+01   6.231686287543E-02
     190   2.200370068560E+01   5.739461339590E-02
     191   1.977829903458E+01   5.158985949399E-02
     192   1.780727367992E+01   4.644862257932E-02
     193   1.635711333802E+01   4.266601376390E-02
     194   1.530335994384E+01   3.991739572289E-02
     195   1.439619749705E+01   3.755114657848E-02
     196   1.370887058115E+01   3.575831803667E-02
     197   1.369426145792E+01   3.572021149306E-02
     198   1.465672006550E+01   3.823069554667E-02
     199   1.628045475723E+01   4.246605696250E-02
     200   1.780797883319E+01   4.645046190626E-02
     201   1.854729959541E+01   4.837891157614E-02
     202   1.816309905678E+01   4.737676008825E-02
     203   1.680496348329E+01   4.383418935012E-02
     204   1.520478088242E+01   3.966026137989E-02
     205   1.444937503726E+01   3.768985526232E-02
     206   1.527920160257E+01   3.985438092927E-02
     207   1.751023459907E+01   4.567382367379E-02
     208   2.020990405341E+01   5.271566117389E-02
     209   2.245491719092E+01   5.857156982022E-02
     210   2.397548565499E+01   6.253783169516E-02
     211   2.511392085991E+01   6.550733438913E-02
     212   2.627258708482E+01   6.852960782320E-02
     213   2.753313725036E+01   7.181763607132E-02
     214   2.870708860472E+01   7.487977934856E-02
     215   2.963329080747E+01   7.729569193130E-02
     216   3.039271955928E+01   7.927659142793E-02
     217   3.114145909349E+01   8.122960909139E-02
     218   3.176204696030E+01   8.284835501065E-02
     219   3.183035960148E+01   8.302654220229E-02
     220   3.092880969439E+01   8.067493284740E-02
     221   2.890343780293E+01   7.539193802963E-02
     222   2.596789936076E+01   6.773485814092E-02
     223   2.272726796200E+01   5.928197155843E-02
     224   1.993988702408E+01   5.201134678468E-02
     225   1.812455040196E+01   4.727620949579E-02
     226   1.748193055029E+01   4.559999518646E-02
     227   1.809193791250E+01   4.719114284036E-02
     228   1.989417010689E+01   5.189209844435E-02
     229   2.254949119207E+01   5.881825733478E-02
     230   2.552501681913E+01   6.657964008830E-02
     231   2.827747605502E+01   7.375917483969E-02
     232   3.033280500796E+01   7.912030987516E-02
     233   3.134836831237E+01   8.176931260742E-02
     234   3.114410484153E+01   8.123651027988E-02
     235   2.962417857892E+01   7.727192352788E-02
     236   2.683825942431E+01   7.000511168039E-02
     237   2.326442646809E+01   6.068309972453E-02
     238   1.996498736979E+01   5.207681870954E-02
     239   1.823775453993E+01   4.757149199515E-02
     240   1.887201856594E+01   4.922591090785E-02
     241   2.163312010302E+01   5.642798830074E-02
     242   2.541273187398E+01   6.628675521819E-02
     243   2.882233673210E+01   7.518039340483E-02
     244   3.074463940913E+01   8.019454173171E-02
     245   3.058484389337E+01   7.977772994262E-02
     246   2.826038375751E+01   7.371459116617E-02
     247   2.421196697194E+01   6.315467128755E-02
     248   1.950677610561E+01   5.088161710519E-02
     249   1.560425942293E+01   4.070226411933E-02
     250   1.363884461278E+01   3.557566178992E-02
     251   1.378262547453E+01   3.595070083863E-02
     252   1.526161087331E+01   3.980849714272E-02
     253   1.695509884209E+01   4.422580351531E-02
     254   1.807924857198E+01   4.715804387196E-02
     255   1.845640482720E+01   4.814182099962E-02
     256   1.823300847405E+01   4.755911232227E-02
     257   1.739651002863E+01   4.537718367460E-02
     258   1.563031019909E+01   4.077021515394E-02
     259   1.272395924865E+01   3.318926813157E-02
     260   9.124374023983E+00   2.380008377085E-02
     261   5.995529351668E+00   1.563878250116E-02
     262   4.621791370154E+00   1.205551432810E-02
     263   5.652072498072E+00   1.474290713856E-02
     264   8.762581169226E+00   2.285638064905E-02
     265   1.284609754749E+01   3.350785456134E-02
     266   1.656313255081E+01   4.320339578156E-02
     267   1.895604490165E+01   4.944508581494E-02
     268   1.967413245203E+01   5.131815062013E-02
     269   1.876199575212E+01   4.893892659761E-02
     270   1.649472864769E+01   4.302497054162E-02
     271   1.350386456479E+01   3.522357884799E-02
     272   1.076817732918E+01   2.808779230448E-02
     273   9.237070803187E+00   2.409404287191E-02
     274   9.441454853725E+00   2.462715972041E-02
     275   1.125626698495E+01   2.936092892342E-02
     276   1.380677301841E+01   3.601368746827E-02
     277   1.577937641603E+01   4.115904056172E-02
     278   1.613980973289E+01   4.209919745496E-02
     279   1.474903046844E+01   3.847147867515E-02
     280   1.244952038186E+01   3.247341978928E-02
     281   1.064677437986E+01   2.777112396576E-02
     282   1.063060683286E+01   2.772895241821E-02
     283   1.295521465319E+01   3.379247641591E-02
     284   1.710894385892E+01   4.462709397959E-02
     285   2.172174157418E+01   5.665914919264E-02
     286   2.535493268808E+01   6.613599140001E-02
     287   2.730801642172E+01   7.123042925952E-02
     288   2.775821222057E+01   7.240472326565E-02
     289   2.722274938259E+01   7.100801809259E-02
     290   2.600367566671E+01   6.782817731836E-02
     291   2.416105008713E+01   6.302185931376E-02
     292   2.189494608003E+01   5.711093708930E-02
     293   1.973091496842E+01   5.146626255014E-02
     294   1.821273950812E+01   4.750624260368E-02
     295   1.754764700275E+01   4.577141046051E-02
     296   1.765158547863E+01   4.604252433927E-02
     297   1.843940566117E+01   4.809748025092E-02
     298   1.991263557508E+01   5.194026390628E-02
     299   2.192809527320E+01   5.719740368661E-02
     300   2.392823656640E+01   6.241458682779E-02
     301   2.499814606537E+01   6.520534657041E-02
     302   2.432172237150E+01   6.344095807249E-02
     303   2.168639160329E+01   5.656694207067E-02
     304   1.770862339710E+01   4.619130246192E-02
     305   1.365058443165E+01   3.560628401908E-02
     306   1.083605197373E+01   2.826483702249E-02
     307   9.970173874175E+00   2.600627427061E-02
     308   1.085706918704E+01   2.831965847501E-02
     309   1.264019464379E+01   3.297077592517E-02
     310   1.429422969045E+01   3.728517300786E-02
     311   1.503715822628E+01   3.922303322073E-02
     312   1.443331125944E+01   3.764795438708E-02
     313   1.237375835996E+01   3.227580157862E-02
     314   9.198595471768E+00   2.399368353674E-02
     315   5.840117664956E+00   1.523340552374E-02
     316   3.632742262524E+00   9.475671420168E-03
     317   3.687310502589E+00   9.618007615656E-03
     318   6.173915990747E+00   1.610408751195E-02
     319   1.012616218453E+01   2.641315531736E-02
     320   1.396096754162E+01   3.641588958754E-02
     321   1.615702878925E+01   4.214411176718E-02
     322   1.577673410665E+01   4.115214834265E-02
     323   1.291495549742E+01   3.368746414029E-02
     324   8.783399336604E+00   2.291068290872E-02
     325   5.091614873473E+00   1.328100538175E-02
     326   3.134084462071E+00   8.174968775518E-03
     327   3.244056905343E+00   8.461821698852E-03
     328   4.803985097910E+00   1.253074977677E-02
     329   6.643669278142E+00   1.732939541387E-02
     330   7.581919158893E+00   1.977673324780E-02
     331   6.958934356513E+00   1.815173514430E-02
     332   4.899057339857E+00   1.277873690626E-02
     333   2.176514520995E+00   5.677236355284E-03
     334  -9.105767317706E-02  -2.375154990246E-04
     335  -7.998210927165E-01  -2.086259173321E-03
     336   7.393142286077E-01   1.928432627553E-03
     337   4.508259081785E+00   1.175937587885E-02
     338   9.806433663041E+00   2.557917310933E-02
     339   1.563323021188E+01   4.077783173660E-02
     340   2.110153063017E+01   5.504138644155E-02
     341   2.549944210499E+01   6.651293081734E-02
     342   2.812047087984E+01   7.334964139534E-02
     343   2.824617029678E+01   7.367751667153E-02
     344   2.547715134937E+01   6.645478744776E-02
     345   2.012155119696E+01   5.248520093854E-02
     346   1.324590437127E+01   3.455071359727E-02
     347   6.354828803546E+00   1.657598181270E-02
     348   8.743362724761E-01   2.280625111830E-03
     349  -2.292546605128E+00  -5.979895290047E-03
     350  -2.954723944114E+00  -7.707123491959E-03
     351  -1.664941682440E+00  -4.342846031027E-03
     352   5.496213489629E-01   1.433636336387E-03
     353   2.740210236833E+00   7.147584372907E-03
     354   4.499341942046E+00   1.173611634649E-02
     355   6.024873222287E+00   1.571532326736E-02
     356   7.727115684849E+00   2.015546492538E-02
     357   9.723231212005E+00   2.536214722904E-02
     358   1.170516061556E+01   3.053182634441E-02
     359   1.325524697021E+01   3.457508290050E-02
     360   1.421555816800E+01   3.707996563475E-02
     361   1.475273276169E+01   3.848113576387E-02
     362   1.516138270904E+01   3.954706126785E-02
     363   1.571164093782E+01   4.098235884620E-02
     364   1.655278292607E+01   4.317639974487E-02
     365   1.750972874541E+01   4.567250420143E-02
     366   1.805361164665E+01   4.709117232889E-02
     367   1.771405191519E+01   4.620546224810E-02
     368   1.660085127983E+01   4.330178158950E-02
     369   1.542387636199E+01   4.023175162721E-02
     370   1.487413728181E+01   3.879780819985E-02
     371   1.487967926072E+01   3.881226393807E-02
     372   1.442979090310E+01   3.763877186391E-02
     373   1.226559569027E+01   3.199366928192E-02
     374   7.962726407866E+00   2.077003365420E-02
     375   2.471275281185E+00   6.446092472586E-03
     376  -2.360356774102E+00  -6.156771829506E-03
     377  -4.905479803776E+00  -1.279548930800E-02
     378  -4.642288178689E+00  -1.210897835302E-02
     379  -2.173952155121E+00  -5.670552661444E-03
     380   1.361510803946E+00   3.551374713888E-03
     381   4.803985457831E+00   1.253075071559E-02
     382   7.244143660030E+00   1.889567717233E-02
     383   8.298061382820E+00   2.164472384930E-02
     384   8.237602757110E+00   2.148702312892E-02
     385   7.698517716959E+00   2.008086977730E-02
     386   7.291008728893E+00   1.901792035986E-02
     387   7.410020262073E+00   1.932835091125E-02
     388   7.990364652077E+00   2.084212545203E-02
     389   8.274622775066E+00   2.158358641383E-02
     390   7.186185047864E+00   1.874449750552E-02
     391   4.233221765879E+00   1.104196653751E-02
     392   7.301412013497E-03   1.904505636332E-05
     393  -4.201831855756E+00  -1.096008886694E-02
     394  -7.216223455208E+00  -1.882284990638E-02
     395  -8.485459240990E+00  -2.213353378970E-02
     396  -8.140377056705E+00  -2.123341890267E-02
     397  -6.931025531060E+00  -1.807893756038E-02
     398  -6.063134483388E+00  -1.581512421995E-02
     399  -6.625516033587E+00  -1.728204435833E-02
     400  -8.881772313177E+00  -2.316727969849E-02
     401  -1.215019428126E+01  -3.169265540475E-02
     402  -1.532425843704E+01  -3.997190750502E-02
     403  -1.739165502340E+01  -4.536451984353E-02
     404  -1.765566916699E+01  -4.605317626178E-02
     405  -1.597083990733E+01  -4.165845532922E-02
     406  -1.300621319062E+01  -3.392550137300E-02
     407  -1.005423714933E+01  -2.622554553081E-02
     408  -8.271556045891E+00  -2.157558713508E-02
     409  -8.000248051601E+00  -2.086790538345E-02
     410  -8.714019427339E+00  -2.272971184723E-02
     411  -9.404850879339E+00  -2.453168164658E-02
     412  -9.008263912071E+00  -2.349722130786E-02
     413  -6.708832721739E+00  -1.749936821554E-02
     414  -2.258549528669E+00  -5.891217067786E-03
     415   3.690117303889E+00   9.625328896643E-03
     416   9.560094330595E+00   2.493661979741E-02
     417   1.340740075175E+01   3.497196193431E-02
     418   1.386289093242E+01   3.616006584458E-02
     419   1.081618001607E+01   2.821300286315E-02
     420   5.324272039780E+00   1.388787003169E-02
     421  -1.101571562104E+00  -2.873347299086E-03
     422  -7.188544491531E+00  -1.875065189560E-02
     423  -1.213067224522E+01  -3.164173398352E-02
     424  -1.540529883773E+01  -4.018329387740E-02
     425  -1.656514680740E+01  -4.320864978314E-02
     426  -1.535213805626E+01  -4.004462890717E-02
     427  -1.207598833396E+01  -3.149909607044E-02
     428  -7.793714952394E+00  -2.032918294072E-02
     429  -3.816979353122E+00  -9.956236791382E-03
     430  -8.577467733341E-01  -2.237352941240E-03
     431   1.275826551597E+00   3.327875284954E-03
     432   3.074787013496E+00   8.020296878054E-03
     433   4.595691941384E+00   1.198743638769E-02
     434   5.325450289215E+00   1.389094338611E-02
     435   4.527060417783E+00   1.180841742083E-02
     436   1.766698431055E+00   4.608269076478E-03
     437  -2.749732574057E+00  -7.172422506791E-03
     438  -8.304773771863E+00  -2.166223249385E-02
     439  -1.394373611688E+01  -3.637094301353E-02
     440  -1.844964136797E+01  -4.812417914321E-02
     441  -2.043156048182E+01  -5.329383141885E-02
     442  -1.902997210543E+01  -4.963791807261E-02
     443  -1.458671212983E+01  -3.804808633654E-02
     444  -8.479208096476E+00  -2.211722825875E-02
     445  -2.382115423493E+00  -6.213527249316E-03
     446   2.374345758106E+00   6.193260797437E-03
     447   5.169051978826E+00   1.348299289229E-02
     448   6.227834691612E+00   1.624472944465E-02
     449   6.399336165318E+00   1.669207513985E-02
     450   6.571975674936E+00   1.714238929623E-02
     451   7.153661330991E+00   1.865966240516E-02
     452   7.960816989425E+00   2.076505311320E-02
     453   8.371550055233E+00   2.183641223855E-02
     454   7.614235579462E+00   1.986102763498E-02
     455   5.177048309633E+00   1.350385057990E-02
     456   1.205138803470E+00   3.143492847039E-03
     457  -3.370433288855E+00  -8.791462779581E-03
     458  -7.226376374696E+00  -1.884933285565E-02
     459  -9.449747628316E+00  -2.464879065415E-02
     460  -1.004969011507E+01  -2.621368501348E-02
     461  -9.655215811899E+00  -2.518473536320E-02
     462  -8.821308968161E+00  -2.300956666824E-02
     463  -7.788896472878E+00  -2.031661438360E-02
     464  -6.779203225699E+00  -1.768292315146E-02
     465  -6.148393113534E+00  -1.603751345283E-02
     466  -6.058325567615E+00  -1.580258060896E-02
     467  -6.148079040786E+00  -1.603669422318E-02
     468  -5.751724758824E+00  -1.500284082252E-02
     469  -4.401759080972E+00  -1.148158049976E-02
     470  -2.028466993245E+00  -5.291068103822E-03
     471   1.101641268568E+00   2.873529121936E-03
     472   4.490527912167E+00   1.171312576666E-02
     473   7.702680153640E+00   2.009172710751E-02
     474   1.062628147221E+01   2.771767011595E-02
     475   1.329298314592E+01   3.467351421652E-02
     476   1.548061449164E+01   4.037974777853E-02
     477   1.658306099716E+01   4.325537728639E-02
     478   1.592666999442E+01   4.154324220615E-02
     479   1.333428839429E+01   3.478125512771E-02
     480   9.432034750726E+00   2.460258825502E-02
     481   5.308590189202E+00   1.384696537823E-02
     482   1.841535704976E+00   4.803475167748E-03
     483  -5.601173009501E-01  -1.461014054123E-03
     484  -1.705782517817E+00  -4.449375563977E-03
     485  -1.509154677593E+00  -3.936490071043E-03
     486  -2.523972750408E-01  -6.583548935759E-04
     487   1.243460607331E+00   3.243451719805E-03
     488   1.884934517411E+00   4.916676946719E-03
     489   8.548237183769E-01   2.229728423364E-03
     490  -1.958517807562E+00  -5.108612137574E-03
     491  -5.990382297229E+00  -1.562535688681E-02
     492  -1.039369630381E+01  -2.711099326587E-02
     493  -1.438180517661E+01  -3.751360554487E-02
     494  -1.727128559008E+01  -4.505054733549E-02
     495  -1.829752130575E+01  -4.772738806312E-02
     496  -1.648090163805E+01  -4.298890406879E-02
     497  -1.102802066257E+01  -2.876556955095E-02
     498  -2.268439731180E+00  -5.917014744170E-03
     499   7.874761007189E+00   2.054058406132E-02
     500   1.656852303151E+01   4.321745635073E-02
     501   2.132780259105E+01   5.563159587506E-02
     502   2.098412645024E+01   5.473514852211E-02
     503   1.602512702381E+01   4.180005823991E-02
     504   8.297471166207E+00   2.164318432398E-02
     505   2.439746972400E-01   6.363853801935E-04
     506  -5.955953295768E+00  -1.553555202822E-02
     507  -9.053851631433E+00  -2.361613264763E-02
     508  -8.977247321523E+00  -2.341631740680E-02
     509  -6.554252054481E+00  -1.709615887533E-02
     510  -3.047180166919E+00  -7.948286978036E-03
     511   1.667444863311E-01   4.349375346271E-04
     512   1.915126006558E+00   4.995428647272E-03
     513   1.683504080853E+00   4.391264326468E-03
     514  -1.368083984373E-01  -3.568520245670E-04
     515  -2.587447307110E+00  -6.749116432538E-03
     516  -4.839701611999E+00  -1.262391299269E-02
     517  -6.605640539177E+00  -1.723020097371E-02
     518  -7.977057628303E+00  -2.080741531414E-02
     519  -8.983726964855E+00  -2.343321895574E-02
     520  -9.415169273941E+00  -2.455859622233E-02
     521  -9.102638616558E+00  -2.374338897555E-02
     522  -8.329086054208E+00  -2.172564882849E-02
     523  -7.836137283752E+00  -2.043983765933E-02
     524  -8.242127755467E+00  -2.149882616764E-02
     525  -9.403272562752E+00  -2.452756475408E-02
     526  -1.048084727850E+01  -2.733831850407E-02
     527  -1.060992499165E+01  -2.767500575272E-02
     528  -9.419818141229E+00  -2.457072236168E-02
     529  -6.934027525368E+00  -1.808676798423E-02
     530  -3.261442185096E+00  -8.507169589392E-03
     531   1.321435146578E+00   3.446841076839E-03
     532   6.095371556056E+00   1.589921163548E-02
     533   9.984156270675E+00   2.604274605565E-02
     534   1.204263303763E+01   3.141209187216E-02
     535   1.180876600824E+01   3.080207140653E-02
     536   9.247894264387E+00   2.412227486706E-02
     537   4.673485465648E+00   1.219035358392E-02
     538  -1.083712176356E+00  -2.826762747009E-03
     539  -6.643843561658E+00  -1.732985001626E-02
     540  -1.056890758253E+01  -2.756801564352E-02
     541  -1.214407556337E+01  -3.167669529637E-02
     542  -1.177186651568E+01  -3.070582250092E-02
     543  -1.063986093875E+01  -2.775309089554E-02
     544  -9.965383205250E+00  -2.599377825484E-02
     545  -1.031055995694E+01  -2.689413981218E-02
     546  -1.141775255853E+01  -2.978214907166E-02
     547  -1.256428772568E+01  -3.277277976620E-02
     548  -1.290336888148E+01  -3.365724152673E-02
     549  -1.162537498245E+01  -3.032371291693E-02
     550  -8.274541921830E+00  -2.158337551566E-02
     551  -3.137995279650E+00  -8.185169780625E-03
     552   2.738701584139E+00   7.143649192215E-03
     553   7.966682390271E+00   2.078035246756E-02
     554   1.135578749126E+01   2.962051893813E-02
     555   1.230915762779E+01   3.210729655755E-02
     556   1.101605303739E+01   2.873435311014E-02
     557   8.397253911406E+00   2.190345836452E-02
     558   5.654892027589E+00   1.475026161992E-02
     559   3.621119996602E+00   9.445355816950E-03
     560   2.384750306908E+00   6.220400098440E-03
     561   1.419342640301E+00   3.702223697747E-03
     562   9.900283513685E-02   2.582397174443E-04
     563  -1.698757819277E+00  -4.431052289056E-03
     564  -3.399985532023E+00  -8.868547066258E-03
     565  -4.192090514392E+00  -1.093467948106E-02
     566  -3.693163505107E+00  -9.633274630125E-03
     567  -2.174445414958E+00  -5.671839284001E-03
     568  -1.906765323866E-01  -4.973620581543E-04
     569   1.959533139866E+00   5.111260537764E-03
     570   4.411210983955E+00   1.150623491245E-02
     571   7.382391504170E+00   1.925628385757E-02
     572   1.071137803151E+01   2.793963660204E-02
     573   1.377363173954E+01   3.592724151468E-02
     574   1.574653240107E+01   4.107336999348E-02
     575   1.592063984432E+01   4.152751311865E-02
     576   1.397433447669E+01   3.645075599849E-02
     577   1.021356843959E+01   2.664114643071E-02
     578   5.535953153289E+00   1.444002059248E-02
     579   1.075975785244E+00   2.806583087990E-03
     580  -2.176225633048E+00  -5.676482817855E-03
     581  -3.626177966239E+00  -9.458549061850E-03
     582  -3.195858283241E+00  -8.336100061328E-03
     583  -1.351748445452E+00  -3.525910506771E-03
     584   1.024204474071E+00   2.671542422231E-03
     585   2.950769077155E+00   7.696807588130E-03
     586   3.591434563766E+00   9.367924117370E-03
     587   2.395453536793E+00   6.248318481356E-03
     588  -6.778905238406E-01  -1.768214587923E-03
     589  -4.880614452721E+00  -1.273063034491E-02
     590  -8.620395977830E+00  -2.248550375850E-02
     591  -9.975609636277E+00  -2.602045295214E-02
     592  -7.609041080482E+00  -1.984747826594E-02
     593  -1.368158320051E+00  -3.568714143393E-03
     594   7.731325353144E+00   2.016644545488E-02
     595   1.790582421499E+01   4.670568251398E-02
     596   2.711751162444E+01   7.073351515649E-02
     597   3.355309893902E+01   8.752014805854E-02
     598   3.607294594970E+01   9.409293538470E-02
     599   3.459667419427E+01   9.024221736771E-02
     600   3.008934591915E+01   7.848526941175E-02
     601   2.401719068170E+01   6.264661539110E-02
     602   1.772477887352E+01   4.623344252446E-02
     603   1.218944023482E+01   3.179502483632E-02
     604   8.070339800574E+00   2.105073321283E-02
     605   5.687597426894E+00   1.483557062207E-02
     606   4.860708453022E+00   1.267870739007E-02
     607   4.938422572740E+00   1.288141746690E-02
     608   5.274657376419E+00   1.375845478181E-02
     609   5.725809971375E+00   1.493524450187E-02
     610   6.542420164814E+00   1.706529648800E-02
     611   7.845505888047E+00   2.046427479512E-02
     612   9.437103573415E+00   2.461580980910E-02
     613   1.107240099365E+01   2.888133153033E-02
     614   1.268019890333E+01   3.307512332760E-02
     615   1.426638783563E+01   3.721255011062E-02
     616   1.566167243758E+01   4.085202064561E-02
     617   1.645727620495E+01   4.292727931674E-02
     618   1.617004212732E+01   4.217805585314E-02
     619   1.435004534740E+01   3.743076297465E-02
     620   1.067494216725E+01   2.784459702788E-02
     621   5.288645332139E+00   1.379494106756E-02
     622  -8.846430717207E-01  -2.307509442173E-03
     623  -6.450252939267E+00  -1.682488682448E-02
     624  -1.041558635661E+01  -2.716809143929E-02
     625  -1.274809041228E+01  -3.325221203485E-02
     626  -1.399971454624E+01  -3.651695755706E-02
     627  -1.456087569876E+01  -3.798069440123E-02
     628  -1.440329113775E+01  -3.756964968265E-02
     629  -1.330119460657E+01  -3.469493305038E-02
     630  -1.113533606821E+01  -2.904549183796E-02
     631  -8.082448904594E+00  -2.108231868810E-02
     632  -4.622566657321E+00  -1.205753659280E-02
     633  -1.387604372231E+00  -3.619437367769E-03
     634   9.852077414309E-01   2.569823060313E-03
     635   1.985892805591E+00   5.180017282146E-03
     636   1.439881409105E+00   3.755797172137E-03
     637  -3.253478063889E-01  -8.486395917535E-04
     638  -2.463585209460E+00  -6.426033633394E-03
     639  -3.862609996108E+00  -1.007526009345E-02
     640  -3.771829421733E+00  -9.838467380957E-03
     641  -2.377290466806E+00  -6.200941797095E-03
     642  -6.582832641258E-01  -1.717070868639E-03
     643   3.325343021749E-01   8.673848997906E-04
     644   8.770038437390E-02   2.287583224174E-04
     645  -1.135475752483E+00  -2.961783236619E-03
     646  -2.496084233486E+00  -6.510804324759E-03
     647  -3.118686938749E+00  -8.134805763354E-03
     648  -2.700586423916E+00  -7.044229330219E-03
     649  -1.653956912582E+00  -4.314193277189E-03
     650  -6.403363872159E-01  -1.670258103976E-03
     651   5.322904657625E-02   1.388430334210E-04
     652   7.704422399762E-01   2.009627159501E-03
     653   2.297773921353E+00   5.993530259824E-03
     654   5.453492589201E+00   1.422492985552E-02
     655   1.059576618959E+01   2.763807383014E-02
     656   1.721344849367E+01   4.489968463127E-02
     657   2.382983107774E+01   6.215790523326E-02
     658   2.853237256798E+01   7.442404876369E-02
     659   3.006896244085E+01   7.843210099825E-02
     660   2.865378012159E+01   7.474072911227E-02
     661   2.574366245111E+01   6.714995694988E-02
     662   2.292130788539E+01   5.978810671022E-02
     663   2.071242319936E+01   5.402643578030E-02
     664   1.838606734693E+01   4.795835220293E-02
     665   1.498893126290E+01   3.909723765761E-02
     666   1.047375695758E+01   2.731982405925E-02
     667   5.701404813255E+00   1.487158590938E-02
     668   1.601036811917E+00   4.176156100538E-03
     669  -1.349794659845E+00  -3.520814238141E-03
     670  -2.972074484468E+00  -7.752380768000E-03
     671  -3.040884321301E+00  -7.931864848395E-03
     672  -1.184534963631E+00  -3.089749640887E-03
     673   2.793575689100E+00   7.286783207927E-03
     674   8.356556023557E+00   2.179730169694E-02
     675   1.409270185425E+01   3.675950632966E-02
     676   1.838660494332E+01   4.795975447327E-02
     677   2.039675683211E+01   5.320304932503E-02
     678   2.051197981419E+01   5.350359779210E-02
     679   1.992804220173E+01   5.198045066364E-02
     680   1.966172865691E+01   5.128579647045E-02
     681   1.986630890720E+01   5.181942508783E-02
     682   2.002691280467E+01   5.223834546567E-02
     683   1.966055525590E+01   5.128273576270E-02
     684   1.874800985094E+01   4.890244567093E-02
     685   1.758573394517E+01   4.587075671898E-02
     686   1.636530922574E+01   4.268739197721E-02
     687   1.496971989910E+01   3.904712659613E-02
     688   1.322487416704E+01   3.449585825913E-02
     689   1.137115662579E+01   2.966060790077E-02
     690   1.011727643477E+01   2.638997766285E-02
     691   1.007012306091E+01   2.626698245846E-02
     692   1.115360248620E+01   2.909313809591E-02
     693   1.248750238463E+01   3.257249232241E-02
     694   1.281970023819E+01   3.343899962716E-02
     695   1.127506318613E+01   2.940995707170E-02
     696   7.824335639515E+00   2.040905416440E-02
     697   3.166782599391E+00   8.260258835453E-03
     698  -1.632596841136E+00  -4.258477510999E-03
     699  -5.367353017807E+00  -1.400024276907E-02
     700  -6.973912449169E+00  -1.819080411046E-02
     701  -5.967460194791E+00  -1.556556670758E-02
     702  -2.495801056835E+00  -6.510065684718E-03
     703   3.014136651919E+00   7.862096032442E-03
     704   9.960204885517E+00   2.598027108787E-02
     705   1.734384976336E+01   4.523982425447E-02
     706   2.373377048060E+01   6.190734007088E-02
     707   2.770186878391E+01   7.225775663440E-02
     708   2.855475927827E+01   7.448244242215E-02
     709   2.681490926213E+01   6.994420494699E-02
     710   2.394583884387E+01   6.246050073675E-02
     711   2.144130000252E+01   5.592764335116E-02
     712   2.002992206373E+01   5.224619483894E-02
     713   1.949678130291E+01   5.085554658891E-02
     714   1.906746952852E+01   4.973572662454E-02
     715   1.811855527993E+01   4.726057177573E-02
     716   1.670437628273E+01   4.357181696232E-02
     717   1.542016905464E+01   4.022208145968E-02
     718   1.482141855773E+01   3.866029629536E-02
     719   1.500671296529E+01   3.914361957986E-02
     720   1.557871844804E+01   4.063564285411E-02
     721   1.587291749667E+01   4.140303379889E-02
     722   1.533618655824E+01   4.000302090337E-02
     723   1.377470274125E+01   3.593003512335E-02
     724   1.135702537995E+01   2.962374785603E-02
     725   8.603822079509E+00   2.244227228121E-02
     726   6.383569480007E+00   1.665094920286E-02
     727   5.610966736006E+00   1.463568656890E-02
     728   6.621786762087E+00   1.727231689935E-02
     729   8.665800923005E+00   2.260393834875E-02
     730   1.002723341921E+01   2.615510880415E-02
     731   8.843898763627E+00   2.306849005554E-02
     732   4.122439800559E+00   1.075300205096E-02
     733  -3.637685816271E+00  -9.488566221830E-03
     734  -1.257879566239E+01  -3.281062237414E-02
     735  -2.034573497748E+01  -5.306996354718E-02
     736  -2.515235951974E+01  -6.560759806985E-02
     737  -2.640405582802E+01  -6.887253185208E-02
     738  -2.462088637096E+01  -6.422129963121E-02
     739  -2.091616907110E+01  -5.455788799857E-02
     740  -1.650932690026E+01  -4.306304873011E-02
     741  -1.246528301472E+01  -3.251453515583E-02
     742  -9.449713743860E+00  -2.464870226969E-02
     743  -7.506662752434E+00  -1.958043388816E-02
     744  -6.250918546016E+00  -1.630494153888E-02
     745  -5.454942018445E+00  -1.422871055734E-02
     746  -5.424374537187E+00  -1.414897811622E-02
     747  -6.756769213962E+00  -1.762440611158E-02
     748  -9.715734385924E+00  -2.534259245320E-02
     749  -1.383280493675E+01  -3.608158931399E-02
     750  -1.804201818406E+01  -4.706093185650E-02
     751  -2.116935696638E+01  -5.521830515174E-02
     752  -2.243959665416E+01  -5.853160762035E-02
     753  -2.169122433266E+01  -5.657954779721E-02
     754  -1.922751767439E+01  -5.015319737587E-02
     755  -1.555920160045E+01  -4.058473496646E-02
     756  -1.127498844651E+01  -2.940976212034E-02
     757  -7.059772501958E+00  -1.841476209854E-02
     758  -3.769875863012E+00  -9.833371704139E-03
     759  -2.348150047463E+00  -6.124931714688E-03
     760  -3.447179120038E+00  -8.991647165538E-03
     761  -6.971750438717E+00  -1.818516470662E-02
     762  -1.195913768067E+01  -3.119430197393E-02
     763  -1.692093890942E+01  -4.413670049772E-02
     764  -2.039883175849E+01  -5.320846157814E-02
     765  -2.152746683697E+01  -5.615240155076E-02
     766  -2.052417848356E+01  -5.353541689026E-02
     767  -1.881729779141E+01  -4.908317684034E-02
     768  -1.838839177647E+01  -4.796441526189E-02
     769  -2.052417547540E+01  -5.353540904378E-02
     770  -2.492267347967E+01  -6.500848332725E-02
     771  -2.982732032417E+01  -7.780179993821E-02
     772  -3.298399207085E+01  -8.603568555169E-02
     773  -3.270018930637E+01  -8.529541235035E-02
     774  -2.858239811742E+01  -7.455453577182E-02
     775  -2.179762154519E+01  -5.685707506261E-02
     776  -1.467406729333E+01  -3.827594418230E-02
     777  -9.704412936351E+00  -2.531306150154E-02
     778  -8.478510936688E+00  -2.211540978207E-02
     779  -1.114439986511E+01  -2.906913391190E-02
     780  -1.654228740652E+01  -4.314902315511E-02
     781  -2.277975661860E+01  -5.941888335325E-02
     782  -2.803713137919E+01  -7.313225803383E-02
     783  -3.125633377030E+01  -8.152924903644E-02
     784  -3.229456831799E+01  -8.423738760506E-02
     785  -3.162305754016E+01  -8.248581399317E-02
     786  -3.003667344950E+01  -7.834787815764E-02
     787  -2.850681732696E+01  -7.435739028658E-02
     788  -2.786704101869E+01  -7.268859309661E-02
     789  -2.842788116154E+01  -7.415149261683E-02
     790  -2.993055921049E+01  -7.807108900248E-02
     791  -3.185869835233E+01  -8.310046120674E-02
     792  -3.375412831910E+01  -8.804451456014E-02
     793  -3.527684697987E+01  -9.201638502385E-02
     794  -3.607389107274E+01  -9.409540065053E-02
     795  -3.569466612242E+01  -9.310622752348E-02
     796  -3.376191530020E+01  -8.806482617845E-02
     797  -3.042401381196E+01  -7.935821958493E-02
     798  -2.660435644963E+01  -6.939499745479E-02
     799  -2.348889602035E+01  -6.126860774228E-02
     800  -2.157004141063E+01  -5.626345337932E-02
     801  -2.038275185263E+01  -5.316651863437E-02
     802  -1.925448918124E+01  -5.022355005110E-02
     803  -1.807189679434E+01  -4.713886744153E-02
     804  -1.719441390384E+01  -4.485003466830E-02
     805  -1.685492385519E+01  -4.396450634866E-02
     806  -1.689532205529E+01  -4.406988130853E-02
     807  -1.695584382109E+01  -4.422774672396E-02
     808  -1.677876104106E+01  -4.376584270863E-02
     809  -1.642025878113E+01  -4.283072279839E-02
     810  -1.620861029605E+01  -4.227865734582E-02
     811  -1.641914056815E+01  -4.282780604350E-02
     812  -1.698208255928E+01  -4.429618804009E-02
     813  -1.760209739732E+01  -4.591343926693E-02
     814  -1.814414580759E+01  -4.732732229479E-02
     815  -1.861929775183E+01  -4.856671209262E-02
     816  -1.877221659919E+01  -4.896558672967E-02
     817  -1.804818458036E+01  -4.707701632960E-02
     818  -1.607686764174E+01  -4.193501884521E-02
     819  -1.309242225876E+01  -3.415036973527E-02
     820  -9.921669079309E+00  -2.587975400982E-02
     821  -7.621122128744E+00  -1.987899056037E-02
     822  -7.001039360923E+00  -1.826156214498E-02
     823  -8.363183947982E+00  -2.181459002336E-02
     824  -1.149249877197E+01  -2.997711764012E-02
     825  -1.562526401151E+01  -4.075705264143E-02
     826  -1.947891725103E+01  -5.080894986565E-02
     827  -2.167198710011E+01  -5.652936925950E-02
     828  -2.129640382654E+01  -5.554969510866E-02
     829  -1.822756260542E+01  -4.754490727880E-02
     830  -1.314901873007E+01  -3.429799638392E-02
     831  -7.307006469946E+00  -1.905964898433E-02
     832  -2.116874219598E+00  -5.521670158015E-03
     833   1.236030159714E+00   3.224070086033E-03
     834   2.254941837437E+00   5.881806739655E-03
     835   1.493928861516E+00   3.896774941309E-03
     836   4.575926767746E-01   1.193588076458E-03
     837   8.949366701774E-01   2.334359339484E-03
     838   3.767344869762E+00   9.826769842880E-03
     839   8.586827547622E+00   2.239794362025E-02
     840   1.367058307795E+01   3.565844863401E-02
     841   1.711711973476E+01   4.464841999378E-02
     842   1.774217447985E+01   4.627881735095E-02
     843   1.535663033174E+01   4.005634659133E-02
     844   1.042286855648E+01   2.718708638256E-02
     845   3.645422021649E+00   9.508745396376E-03
     846  -4.215523095440E+00  -1.099580119641E-02
     847  -1.239164448474E+01  -3.232245587699E-02
     848  -2.011419614084E+01  -5.246601595649E-02
     849  -2.657537275891E+01  -6.931939618447E-02
     850  -3.093710121238E+01  -8.069656050341E-02
     851  -3.251771614437E+01  -8.481944802334E-02
     852  -3.102696804134E+01  -8.093096979569E-02
     853  -2.674420525497E+01  -6.975978009891E-02
     854  -2.059547554865E+01  -5.372138867501E-02
     855  -1.404295528747E+01  -3.662974702196E-02
     856  -8.610744354014E+00  -2.246032839253E-02
     857  -5.219424152283E+00  -1.361438403702E-02
     858  -3.735524319874E+00  -9.743768888405E-03
     859  -3.031923964930E+00  -7.908492589468E-03
     860  -1.696564946940E+00  -4.425332384855E-03
     861   9.597648692397E-01   2.503457686871E-03
     862   4.286544443028E+00   1.118105379760E-02
     863   6.591409746989E+00   1.719308127155E-02
     864   6.221043476446E+00   1.622701518946E-02
     865   2.544890280015E+00   6.638110372591E-03
     866  -3.923657547914E+00  -1.023449697295E-02
     867  -1.199773448152E+01  -3.129497815084E-02
     868  -2.025489489410E+01  -5.283301561096E-02
     869  -2.738083417417E+01  -7.142036761625E-02
     870  -3.247504780372E+01  -8.470815161231E-02
     871  -3.518013012650E+01  -9.176410807793E-02
     872  -3.551525628242E+01  -9.263825358794E-02
     873  -3.361710398216E+01  -8.768709927999E-02
     874  -2.960033466607E+01  -7.720972889166E-02
     875  -2.365303034498E+01  -6.169673691208E-02
     876  -1.639401267905E+01  -4.276226227425E-02
     877  -9.073707165401E+00  -2.366792396729E-02
     878  -3.124878140064E+00  -8.150954938031E-03
     879   6.039251733847E-01   1.575282828181E-03
     880   2.258553389886E+00   5.891227139411E-03
     881   2.812294738127E+00   7.335610111974E-03
     882   3.440096928761E+00   8.973173926141E-03
     883   4.815483086274E+00   1.256074121350E-02
     884   6.810263595845E+00   1.776394124755E-02
     885   8.836126136599E+00   2.304821587849E-02
     886   1.042971341784E+01   2.720494056887E-02
     887   1.144227250854E+01   2.984610708817E-02
     888   1.183226975336E+01   3.086337874676E-02
     889   1.155351858154E+01   3.013628215658E-02
     890   1.071826046083E+01   2.795758878089E-02
     891   9.789157523570E+00   2.553410990109E-02
     892   9.550599653049E+00   2.491185381123E-02
     893   1.078587507481E+01   2.813395523327E-02
     894   1.372166652011E+01   3.579169505720E-02
     895   1.758375887940E+01   4.586560494301E-02
     896   2.074596111845E+01   5.411391633312E-02
     897   2.155470995793E+01   5.622346270624E-02
     898   1.930166028255E+01   5.034659149589E-02
     899   1.464645483136E+01   3.820391963504E-02
     900   9.105082570232E+00   2.374976380215E-02
     901   3.986241776616E+00   1.039774213168E-02
     902  -2.810514233744E-01  -7.330965831350E-04
     903  -3.977442816334E+00  -1.037479085948E-02
     904  -7.473635005024E+00  -1.949428407087E-02
     905  -1.072493446716E+01  -2.797499730769E-02
     906  -1.318674190368E+01  -3.439639378519E-02
     907  -1.423802304960E+01  -3.713856319580E-02
     908  -1.370328993503E+01  -3.574376143863E-02
     909  -1.200823536941E+01  -3.132236874341E-02
     910  -9.947164996181E+00  -2.594625774539E-02
     911  -8.374558320086E+00  -2.184425901854E-02
     912  -7.963112636499E+00  -2.077104109578E-02
     913  -8.924977883717E+00  -2.327997742389E-02
     914  -1.077650904293E+01  -2.810952480739E-02
     915  -1.249771506915E+01  -3.259913116321E-02
     916  -1.315489840027E+01  -3.431333295858E-02
     917  -1.248449869502E+01  -3.256465747652E-02
     918  -1.093710930242E+01  -2.852843569590E-02
     919  -9.272572929988E+00  -2.418664687846E-02
     920  -8.141455805093E+00  -2.123623271784E-02
     921  -7.813450928878E+00  -2.038066240577E-02
     922  -8.054875756080E+00  -2.101039668635E-02
     923  -8.235661916312E+00  -2.148196062562E-02
     924  -7.745548390170E+00  -2.020354492842E-02
     925  -6.410344272138E+00  -1.672078876599E-02
     926  -4.492328146755E+00  -1.171782151169E-02
     927  -2.402418658556E+00  -6.266486355776E-03
     928  -3.954511846287E-01  -1.031497754992E-03
     929   1.598479803451E+00   4.169486381001E-03
     930   3.857135268539E+00   1.006097977411E-02
     931   6.529413305251E+00   1.703136930063E-02
     932   9.390971300111E+00   2.449547805086E-02
     933   1.198651862986E+01   3.126572264156E-02
     934   1.410705923447E+01   3.679695622497E-02
     935   1.596844600960E+01   4.165221106894E-02
     936   1.783208415622E+01   4.651333840672E-02
     937   1.952610724946E+01   5.093204060182E-02
     938   2.038933854689E+01   5.318369941575E-02
     939   1.975393519008E+01   5.152630866427E-02
     940   1.739210808032E+01   4.536570160049E-02
     941   1.350665487537E+01   3.523085711447E-02
     942   8.626029344782E+00   2.250019787396E-02
     943   3.572325211821E+00   9.318079144345E-03
     944  -7.181151018190E-01  -1.873136670580E-03
     945  -3.408276186917E+00  -8.890172470968E-03
     946  -3.952394696171E+00  -1.030945516011E-02
     947  -2.459558024433E+00  -6.415529094589E-03
     948   9.895819181105E-02   2.581232694675E-04
     949   2.359905274284E+00   6.155594134087E-03
     950   3.347756728815E+00   8.732313074937E-03
     951   2.832786800852E+00   7.389061757885E-03
     952   1.199698124617E+00   3.129301340626E-03
     953  -8.768446092938E-01  -2.287167875885E-03
     954  -2.714770721719E+00  -7.081227756091E-03
     955  -3.861649351846E+00  -1.007275434195E-02
     956  -4.271894166550E+00  -1.114283990955E-02
     957  -4.240157031770E+00  -1.106005653565E-02
     958  -4.090297642401E+00  -1.066916221113E-02
     959  -3.923119164262E+00  -1.023309264910E-02
     960  -3.643931939459E+00  -9.504858655120E-03
     961  -3.191493439825E+00  -8.324714771919E-03
     962  -2.801915106116E+00  -7.308535804112E-03
     963  -3.005776764918E+00  -7.840290042198E-03
     964  -4.309799062982E+00  -1.124171131794E-02
     965  -6.923423548325E+00  -1.805910849315E-02
     966  -1.063414103511E+01  -2.773817105715E-02
     967  -1.474314218231E+01  -3.845611962665E-02
     968  -1.816029301734E+01  -4.736944079451E-02
     969  -1.986400078755E+01  -5.181340457167E-02
     970  -1.963719271332E+01  -5.122179673618E-02
     971  -1.833636830097E+01  -4.782871684887E-02
     972  -1.716482872590E+01  -4.477286447432E-02
     973  -1.669520920775E+01  -4.354790549708E-02
     974  -1.673089872644E+01  -4.364099829799E-02
     975  -1.687186557099E+01  -4.400869724375E-02
     976  -1.697834944480E+01  -4.428645055705E-02
     977  -1.720564905646E+01  -4.487934052234E-02
     978  -1.773506490271E+01  -4.626027267806E-02
     979  -1.839888865525E+01  -4.799179539708E-02
     980  -1.858412895235E+01  -4.847497753948E-02
     981  -1.764821895085E+01  -4.603374306365E-02
     982  -1.545182194256E+01  -4.030464508345E-02
     983  -1.251599003503E+01  -3.264679971753E-02
     984  -9.794665620501E+00  -2.554847726131E-02
     985  -8.236651353158E+00  -2.148454147991E-02
     986  -8.350181483185E+00  -2.178067429933E-02
     987  -1.001140840123E+01  -2.611383071180E-02
     988  -1.262461637931E+01  -3.293014146644E-02
     989  -1.552142846143E+01  -4.048620723508E-02
     990  -1.820755490852E+01  -4.749271905626E-02
     991  -2.029297550411E+01  -5.293234535193E-02
     992  -2.150105857069E+01  -5.608351803634E-02
     993  -2.200312763847E+01  -5.739311865559E-02
     994  -2.251328512941E+01  -5.872381717680E-02
     995  -2.364401598312E+01  -6.167322378483E-02
     996  -2.521958938623E+01  -6.578296094408E-02
     997  -2.639900088008E+01  -6.885934648901E-02
     998  -2.634652417445E+01  -6.872246586720E-02
     999  -2.483247145412E+01  -6.477319970575E-02
    1000  -2.248615338780E+01  -5.865304654404E-02
