# lag   <C(lag)>_blocks   <C_norm(lag)>_blocks
       0   3.685402940421E+02   1.000000000000E+00
       1   3.446961283634E+02   9.351832822991E-01
       2   2.838777772194E+02   7.698833547634E-01
       3   2.098464284484E+02   5.687071692282E-01
       4   1.439484842388E+02   3.897183166753E-01
       5   9.688053156263E+01   2.620368426364E-01
       6   6.936119263764E+01   1.876283439876E-01
       7   5.661093838374E+01   1.534562747248E-01
       8   5.264325588723E+01   1.431615418033E-01
       9   5.276382817216E+01   1.438973185342E-01
      10   5.426771143274E+01   1.482616359000E-01
      11   5.612763570136E+01   1.534579875462E-01
      12   5.820846082825E+01   1.591309799720E-01
      13   6.047618716983E+01   1.651924713066E-01
      14   6.268727824461E+01   1.710003535300E-01
      15   6.454090029918E+01   1.757999657593E-01
      16   6.579465352512E+01   1.790039066957E-01
      17   6.624615708382E+01   1.800803950046E-01
      18   6.575574913982E+01   1.785858481714E-01
      19   6.431697719137E+01   1.744034586384E-01
      20   6.209556746654E+01   1.679304525151E-01
      21   5.928440662245E+01   1.597195635076E-01
      22   5.592321729753E+01   1.499719483199E-01
      23   5.195350320315E+01   1.386437443688E-01
      24   4.747224518642E+01   1.260938757239E-01
      25   4.294166352425E+01   1.136234722336E-01
      26   3.911777356555E+01   1.032818988269E-01
      27   3.659964300854E+01   9.667400776133E-02
      28   3.541576574990E+01   9.384732907923E-02
      29   3.506746940943E+01   9.337892999818E-02
      30   3.496873891534E+01   9.355851650927E-02
      31   3.488354413574E+01   9.362131699354E-02
      32   3.485560057613E+01   9.361778955053E-02
      33   3.482660628906E+01   9.340584969384E-02
      34   3.456278559307E+01   9.244153024618E-02
      35   3.389328535368E+01   9.039429586240E-02
      36   3.293645212791E+01   8.772480789465E-02
      37   3.208628085513E+01   8.560761573953E-02
      38   3.172228443497E+01   8.508950600052E-02
      39   3.192936754945E+01   8.628188965814E-02
      40   3.247815229171E+01   8.833728038177E-02
      41   3.303298504965E+01   9.013178524005E-02
      42   3.329511444178E+01   9.075762969256E-02
      43   3.301234205176E+01   8.957964373247E-02
      44   3.199404582155E+01   8.623241103667E-02
      45   3.019391975386E+01   8.075122067504E-02
      46   2.778376560790E+01   7.369915647607E-02
      47   2.511681054446E+01   6.606677414768E-02
      48   2.258946085146E+01   5.894678292283E-02
      49   2.058706122754E+01   5.341484886038E-02
      50   1.949362652682E+01   5.052974622981E-02
      51   1.951886991356E+01   5.083087609989E-02
      52   2.044201553783E+01   5.364517150524E-02
      53   2.167644751316E+01   5.728387428902E-02
      54   2.255950920980E+01   5.986119105985E-02
      55   2.249285046235E+01   5.972970865506E-02
      56   2.105632144134E+01   5.581750735872E-02
      57   1.829107809183E+01   4.835023472932E-02
      58   1.497907681306E+01   3.951666984302E-02
      59   1.246126215545E+01   3.291741821895E-02
      60   1.184550444170E+01   3.146501910846E-02
      61   1.325324228132E+01   3.546554671289E-02
      62   1.578559267893E+01   4.257398409061E-02
      63   1.804719125984E+01   4.910170820186E-02
      64   1.876104159101E+01   5.155284181746E-02
      65   1.727110173533E+01   4.800841354736E-02
      66   1.386511559958E+01   3.912127259164E-02
      67   9.759297391893E+00   2.814771249701E-02
      68   6.552468072536E+00   1.945592541413E-02
      69   5.308850726150E+00   1.597243227343E-02
      70   5.878332900171E+00   1.729152509961E-02
      71   6.941960271508E+00   1.982528089305E-02
      72   6.825846361296E+00   1.906834058219E-02
      73   4.605772363661E+00   1.260272427868E-02
      74   7.670753066418E-01   1.861789282534E-03
      75  -3.026183860404E+00  -8.525811591803E-03
      76  -4.884972943122E+00  -1.336506362579E-02
      77  -3.809265696761E+00  -9.959196263298E-03
      78  -1.572117260829E-01   6.067112256730E-04
      79   4.625458073976E+00   1.424762992940E-02
      80   8.673239302004E+00   2.577359583472E-02
      81   1.057711141024E+01   3.131837901396E-02
      82   9.964380876220E+00   2.987671926032E-02
      83   7.371708130051E+00   2.290424594724E-02
      84   3.670632870867E+00   1.277295289189E-02
      85  -3.945348948646E-01   1.552358752127E-03
      86  -4.330946469200E+00  -9.340889187216E-03
      87  -7.822749123104E+00  -1.896009687732E-02
      88  -1.055885504627E+01  -2.636650623186E-02
      89  -1.211298252545E+01  -3.033290432158E-02
      90  -1.202671623945E+01  -2.964315708755E-02
      91  -1.011528563728E+01  -2.395605097085E-02
      92  -6.832428270070E+00  -1.472293532308E-02
      93  -3.295435949926E+00  -5.132573067429E-03
      94  -8.229240016653E-01   1.229246573753E-03
      95  -3.794533609990E-01   1.889134318552E-03
      96  -2.166928877756E+00  -3.488634065021E-03
      97  -5.418631839568E+00  -1.265003660799E-02
      98  -8.715816634349E+00  -2.167513952268E-02
      99  -1.085302033088E+01  -2.733550195267E-02
     100  -1.153332553991E+01  -2.893835940847E-02
     101  -1.124044984069E+01  -2.790409149912E-02
     102  -1.052469911841E+01  -2.578235424495E-02
     103  -9.507697514314E+00  -2.291638515196E-02
     104  -7.969381532884E+00  -1.869820847406E-02
     105  -5.613572507416E+00  -1.230168154304E-02
     106  -2.168056383054E+00  -2.969234065530E-03
     107   2.518804540264E+00   9.716241754137E-03
     108   8.192748702146E+00   2.506346337241E-02
     109   1.397631845879E+01   4.067798015093E-02
     110   1.867992034691E+01   5.330632097866E-02
     111   2.145327206352E+01   6.062346500298E-02
     112   2.211307661665E+01   6.213644433558E-02
     113   2.106967010307E+01   5.900606564405E-02
     114   1.906028588515E+01   5.333104773041E-02
     115   1.671248677371E+01   4.691464762253E-02
     116   1.427970182234E+01   4.047359455212E-02
     117   1.183241776133E+01   3.413344094279E-02
     118   9.422348335456E+00   2.790400174208E-02
     119   6.963236121411E+00   2.141342699944E-02
     120   4.269397458477E+00   1.408455650817E-02
     121   1.371088299553E+00   6.043044173226E-03
     122  -1.371931634495E+00  -1.593790452687E-03
     123  -3.456800630510E+00  -7.323387764794E-03
     124  -4.449046833582E+00  -9.934735769647E-03
     125  -4.181006600227E+00  -9.045940804255E-03
     126  -2.881031020833E+00  -5.365718681672E-03
     127  -1.039207171363E+00  -2.503045263924E-04
     128   8.657081214177E-01   5.032358736633E-03
     129   2.451179725265E+00   9.475759631490E-03
     130   3.341694805476E+00   1.206458550864E-02
     131   3.170268763174E+00   1.179346982864E-02
     132   1.626981101870E+00   7.824827049770E-03
     133  -1.427617280726E+00  -2.022655253061E-04
     134  -5.662733221700E+00  -1.139184830743E-02
     135  -1.005737736254E+01  -2.302181870765E-02
     136  -1.321122027235E+01  -3.136656616144E-02
     137  -1.414781151403E+01  -3.382120277246E-02
     138  -1.284409894593E+01  -3.030549877808E-02
     139  -1.004555169344E+01  -2.279683828487E-02
     140  -6.604472286531E+00  -1.359108696709E-02
     141  -3.043575056179E+00  -4.129516170131E-03
     142   3.120483962081E-01   4.678541542541E-03
     143   3.022165045030E+00   1.165590107464E-02
     144   4.525526781810E+00   1.535497453080E-02
     145   4.520020510501E+00   1.505858007076E-02
     146   3.323817546246E+00   1.170679842738E-02
     147   1.881257352817E+00   7.856435076581E-03
     148   1.266464097660E+00   6.317975011767E-03
     149   1.845650321375E+00   7.936872165820E-03
     150   2.829248090599E+00   1.046511600858E-02
     151   2.851648573104E+00   1.018022395563E-02
     152   1.138794480687E+00   5.050399264690E-03
     153  -1.846890296054E+00  -3.539286578446E-03
     154  -4.822616316214E+00  -1.194742591752E-02
     155  -6.708272539713E+00  -1.711786494682E-02
     156  -7.300185921687E+00  -1.848091913752E-02
     157  -7.070480327866E+00  -1.741143508704E-02
     158  -6.596042750943E+00  -1.562413715594E-02
     159  -6.351588383871E+00  -1.455031973815E-02
     160  -6.723994205931E+00  -1.532746302945E-02
     161  -7.751251818051E+00  -1.806515797209E-02
     162  -9.015699060622E+00  -2.157723268740E-02
     163  -1.015588871195E+01  -2.483515528082E-02
     164  -1.131431408621E+01  -2.822232091874E-02
     165  -1.283673234034E+01  -3.268250417189E-02
     166  -1.465763810328E+01  -3.799775672801E-02
     167  -1.603017351453E+01  -4.203842710080E-02
     168  -1.597244892907E+01  -4.201156917139E-02
     169  -1.409970115549E+01  -3.679224393177E-02
     170  -1.097347164521E+01  -2.792763478703E-02
     171  -7.585145363743E+00  -1.822999770173E-02
     172  -4.731145911773E+00  -1.001318128559E-02
     173  -2.703704599769E+00  -4.164177298910E-03
     174  -1.119108573865E+00   3.605922016802E-04
     175   9.070515616888E-01   6.000570712983E-03
     176   4.089878059865E+00   1.468434701253E-02
     177   8.252834591166E+00   2.586051248325E-02
     178   1.222788006737E+01   3.630534107121E-02
     179   1.436284210039E+01   4.156505254328E-02
     180   1.336409933887E+01   3.823684730808E-02
     181   9.186183466261E+00   2.632330178972E-02
     182   3.343051901406E+00   1.001755348084E-02
     183  -1.724021047239E+00  -4.037631201386E-03
     184  -4.031722469547E+00  -1.049239580287E-02
     185  -3.275344027054E+00  -8.593841694339E-03
     186  -8.347921033656E-01  -2.184758508749E-03
     187   1.417685894430E+00   3.603998854120E-03
     188   2.338081295967E+00   5.737745693264E-03
     189   1.779738926127E+00   3.973493088061E-03
     190   1.628539242804E-01  -4.307978018917E-04
     191  -2.025019687073E+00  -6.141230849603E-03
     192  -4.355571647431E+00  -1.206416770737E-02
     193  -6.407867115303E+00  -1.714834073769E-02
     194  -7.910078801769E+00  -2.072956445661E-02
     195  -8.789622288774E+00  -2.265882185574E-02
     196  -8.955534485317E+00  -2.273693598313E-02
     197  -8.181398859107E+00  -2.040661968255E-02
     198  -6.369237845634E+00  -1.542668143266E-02
     199  -3.892587788998E+00  -8.768217362273E-03
     200  -1.525963254435E+00  -2.462132520325E-03
     201  -9.686519216566E-02   1.280282287579E-03
     202  -2.290207134900E-01   7.541543804796E-04
     203  -2.053650780000E+00  -4.425628496861E-03
     204  -4.886371122254E+00  -1.243498405632E-02
     205  -7.370913138530E+00  -1.961638855772E-02
     206  -8.302680102046E+00  -2.267209077954E-02
     207  -7.472855377813E+00  -2.093461791931E-02
     208  -5.640657165331E+00  -1.632889161536E-02
     209  -3.832535986305E+00  -1.156056188690E-02
     210  -2.496668650564E+00  -7.863573882774E-03
     211  -1.289908066986E+00  -4.386991145207E-03
     212   4.114775971707E-01   4.668886646425E-04
     213   2.861424291216E+00   7.301027838696E-03
     214   5.700833028953E+00   1.506995910154E-02
     215   8.313601386427E+00   2.207346311178E-02
     216   1.031019249994E+01   2.730244461444E-02
     217   1.155736851303E+01   3.051833568490E-02
     218   1.201864311299E+01   3.177428174040E-02
     219   1.163141008229E+01   3.097514993476E-02
     220   1.036908342423E+01   2.797600911936E-02
     221   8.389412037055E+00   2.303078696794E-02
     222   6.096739226954E+00   1.709145068278E-02
     223   4.100884917008E+00   1.178458428153E-02
     224   2.905609966115E+00   8.530729421652E-03
     225   2.563538650851E+00   7.522829244101E-03
     226   2.841606255053E+00   8.142127893994E-03
     227   3.588677668638E+00   9.968406810191E-03
     228   4.771788281224E+00   1.289514885900E-02
     229   6.285404702298E+00   1.663563710905E-02
     230   7.876423950340E+00   2.054149360196E-02
     231   9.248507910800E+00   2.388213658611E-02
     232   1.008282789205E+01   2.585633182451E-02
     233   1.010718610072E+01   2.573525624524E-02
     234   9.252634408920E+00   2.328928260070E-02
     235   7.672716252733E+00   1.888450752334E-02
     236   5.625334645405E+00   1.320460711099E-02
     237   3.503684861965E+00   7.339981430884E-03
     238   1.969886886253E+00   3.116096148128E-03
     239   1.796005538433E+00   2.617234902550E-03
     240   3.381483912041E+00   6.895209343590E-03
     241   6.324797872804E+00   1.487560985276E-02
     242   9.513206492621E+00   2.362052686477E-02
     243   1.164715091409E+01   2.967866918485E-02
     244   1.186724186623E+01   3.072617190346E-02
     245   1.011175909363E+01   2.654655284620E-02
     246   6.904724126216E+00   1.848672699809E-02
     247   2.915307632744E+00   8.288150284743E-03
     248  -1.137596142092E+00  -2.163365432567E-03
     249  -4.498804525689E+00  -1.087293695713E-02
     250  -6.655625458982E+00  -1.650142581494E-02
     251  -7.632053021287E+00  -1.916237462783E-02
     252  -7.912672215382E+00  -2.017513459170E-02
     253  -8.034705015857E+00  -2.091682136388E-02
     254  -8.122502554673E+00  -2.158394903657E-02
     255  -7.840858120574E+00  -2.116421917193E-02
     256  -6.887876842769E+00  -1.884881014096E-02
     257  -5.587903141623E+00  -1.561784235447E-02
     258  -4.893363582649E+00  -1.416397897911E-02
     259  -5.647202311359E+00  -1.682033857128E-02
     260  -7.855145458364E+00  -2.355247333835E-02
     261  -1.065291785998E+01  -3.188620057509E-02
     262  -1.287964059101E+01  -3.852631742436E-02
     263  -1.369182171342E+01  -4.108654571095E-02
     264  -1.285257377793E+01  -3.888471899883E-02
     265  -1.075184744426E+01  -3.297130358350E-02
     266  -8.183189568717E+00  -2.550944908764E-02
     267  -5.903526505013E+00  -1.858119255685E-02
     268  -4.417612223523E+00  -1.361672960545E-02
     269  -4.010606818348E+00  -1.149670016465E-02
     270  -4.766551790226E+00  -1.259362564645E-02
     271  -6.417420790413E+00  -1.634093115918E-02
     272  -8.329701665510E+00  -2.118173333763E-02
     273  -9.768287599244E+00  -2.524006343791E-02
     274  -1.011456144718E+01  -2.680995161571E-02
     275  -9.142127635783E+00  -2.504300591181E-02
     276  -7.349510309169E+00  -2.095039300309E-02
     277  -5.868501444842E+00  -1.735404353489E-02
     278  -5.733902435050E+00  -1.704788364910E-02
     279  -7.139829403992E+00  -2.074585154775E-02
     280  -9.311915133489E+00  -2.655111023218E-02
     281  -1.101898917727E+01  -3.117394382469E-02
     282  -1.130298431308E+01  -3.190344475094E-02
     283  -9.893852978394E+00  -2.786341010591E-02
     284  -7.209634892430E+00  -2.013942541119E-02
     285  -4.082242080601E+00  -1.107868607115E-02
     286  -1.322291014765E+00  -3.060522288428E-03
     287   6.979814948815E-01   2.740344978221E-03
     288   2.071662086416E+00   6.511754011001E-03
     289   2.972772929442E+00   8.773689825103E-03
     290   3.371435881528E+00   9.541178378381E-03
     291   3.070586938663E+00   8.362032051388E-03
     292   2.010411292798E+00   5.128335622905E-03
     293   5.099683042367E-01   7.586248695720E-04
     294  -9.223738368235E-01  -3.276549107756E-03
     295  -1.996375709883E+00  -6.062136478524E-03
     296  -2.671077832194E+00  -7.402705310247E-03
     297  -2.851377115804E+00  -7.097361295023E-03
     298  -2.297309742074E+00  -4.711259548581E-03
     299  -9.104532143521E-01  -2.706417789901E-04
     300   9.174148167374E-01   4.915635990891E-03
     301   2.369942921963E+00   8.539084729509E-03
     302   2.617530752790E+00   8.450111062074E-03
     303   1.238513231741E+00   3.753480683011E-03
     304  -1.543085954618E+00  -4.655716810838E-03
     305  -4.834748036490E+00  -1.412831611989E-02
     306  -7.372742729717E+00  -2.112902264509E-02
     307  -8.116198195656E+00  -2.287644939974E-02
     308  -6.739232703975E+00  -1.864353691165E-02
     309  -3.741410141981E+00  -9.969581722017E-03
     310  -1.512450205585E-01   2.087583296053E-04
     311   2.936244493028E+00   8.831530852429E-03
     312   4.662284360879E+00   1.354766427238E-02
     313   4.495278385037E+00   1.296837745805E-02
     314   2.536148927639E+00   7.477743783162E-03
     315  -3.076228364989E-01  -3.570991587145E-04
     316  -2.711171399440E+00  -6.903569211223E-03
     317  -3.648367531051E+00  -9.405159545818E-03
     318  -2.997399409925E+00  -7.570630770263E-03
     319  -1.577305870793E+00  -3.632317293683E-03
     320  -6.047513460996E-01  -8.781928218843E-04
     321  -1.184615638876E+00  -2.314944649335E-03
     322  -4.009630530774E+00  -9.883065668517E-03
     323  -8.851270720797E+00  -2.303181346079E-02
     324  -1.434851032541E+01  -3.806875244259E-02
     325  -1.867751277673E+01  -4.995707488108E-02
     326  -2.052881685496E+01  -5.502550750816E-02
     327  -1.960726366603E+01  -5.238607787754E-02
     328  -1.660673765666E+01  -4.390767835322E-02
     329  -1.292269836254E+01  -3.345967338367E-02
     330  -1.012182707592E+01  -2.543848993937E-02
     331  -9.300183126110E+00  -2.293993566058E-02
     332  -1.061346942445E+01  -2.641558195805E-02
     333  -1.318404119594E+01  -3.342272064057E-02
     334  -1.545132342070E+01  -3.963695766985E-02
     335  -1.583904196191E+01  -4.074491958758E-02
     336  -1.342989645258E+01  -3.430530825307E-02
     337  -8.285408745689E+00  -2.054996607207E-02
     338  -1.371944040313E+00  -2.095901151017E-03
     339   5.793997013074E+00   1.702755201475E-02
     340   1.171315327522E+01   3.285286540946E-02
     341   1.526211344642E+01   4.237826268080E-02
     342   1.576392738829E+01   4.374416910721E-02
     343   1.304592727989E+01   3.643822986276E-02
     344   7.564703128953E+00   2.169278223134E-02
     345   4.279985792010E-01   2.552618543212E-03
     346  -6.871199813692E+00  -1.689202167008E-02
     347  -1.289487416050E+01  -3.273258292216E-02
     348  -1.669232345400E+01  -4.241741506594E-02
     349  -1.801881012861E+01  -4.536452239535E-02
     350  -1.731892111187E+01  -4.292749729725E-02
     351  -1.544228065414E+01  -3.758065595239E-02
     352  -1.323875219480E+01  -3.173764348060E-02
     353  -1.133731911726E+01  -2.709020126550E-02
     354  -9.974325996306E+00  -2.413796727259E-02
     355  -8.823136240095E+00  -2.178756711624E-02
     356  -7.324483136709E+00  -1.834119580785E-02
     357  -5.295538876329E+00  -1.319249808040E-02
     358  -3.103154626077E+00  -7.304850907114E-03
     359  -1.297411111299E+00  -2.236419287942E-03
     360  -2.334395323566E-01   8.973907057289E-04
     361   4.280768345134E-02   1.821769454518E-03
     362  -1.821594903829E-01   1.265953628105E-03
     363  -4.228719727044E-01   6.119360563097E-04
     364  -1.516854414815E-01   1.376830353595E-03
     365   8.885077189150E-01   4.292671991233E-03
     366   2.462008542478E+00   8.694649340493E-03
     367   4.071383451159E+00   1.318925061886E-02
     368   5.368361962413E+00   1.681865188532E-02
     369   6.278124002797E+00   1.941022351642E-02
     370   6.776786484905E+00   2.093845683012E-02
     371   6.423345841076E+00   2.020998460699E-02
     372   4.241098228467E+00   1.453315384027E-02
     373  -6.489689454045E-01   1.459444008057E-03
     374  -8.086917040309E+00  -1.863340059660E-02
     375  -1.645194830544E+01  -4.135401833263E-02
     376  -2.323435645685E+01  -5.981134365213E-02
     377  -2.651776323689E+01  -6.866981786384E-02
     378  -2.607830496573E+01  -6.723985221817E-02
     379  -2.302331372254E+01  -5.856414883552E-02
     380  -1.874790888856E+01  -4.655673185209E-02
     381  -1.438592838292E+01  -3.443570035481E-02
     382  -1.086295645734E+01  -2.480398301178E-02
     383  -8.875002746338E+00  -1.956686650158E-02
     384  -8.529352154145E+00  -1.897136042143E-02
     385  -9.159287435255E+00  -2.114647723155E-02
     386  -9.624311357685E+00  -2.294182542770E-02
     387  -9.019845851697E+00  -2.184142977015E-02
     388  -7.492100535398E+00  -1.817958973344E-02
     389  -6.438981800028E+00  -1.571099272772E-02
     390  -7.501028246906E+00  -1.883705912860E-02
     391  -1.120194237397E+01  -2.886436355884E-02
     392  -1.652375291016E+01  -4.290206109950E-02
     393  -2.173582900770E+01  -5.624625184594E-02
     394  -2.545063702431E+01  -6.532054212003E-02
     395  -2.704307049544E+01  -6.874595288658E-02
     396  -2.648073665142E+01  -6.671444104092E-02
     397  -2.419258523149E+01  -6.047507388105E-02
     398  -2.113103950158E+01  -5.246624458869E-02
     399  -1.848698357889E+01  -4.566921248251E-02
     400  -1.699024955062E+01  -4.188994921485E-02
     401  -1.651443989271E+01  -4.077173193456E-02
     402  -1.644777222414E+01  -4.077741013414E-02
     403  -1.620123674201E+01  -4.045952497588E-02
     404  -1.545519350904E+01  -3.900239666877E-02
     405  -1.434486579918E+01  -3.667639885780E-02
     406  -1.349611964181E+01  -3.500002261853E-02
     407  -1.362912701704E+01  -3.579116383413E-02
     408  -1.493430460894E+01  -3.956173859072E-02
     409  -1.690508824585E+01  -4.503736273070E-02
     410  -1.870973022676E+01  -5.003666967105E-02
     411  -1.961103421239E+01  -5.252199272997E-02
     412  -1.903032993941E+01  -5.083385546547E-02
     413  -1.637054079017E+01  -4.332648005150E-02
     414  -1.112829187615E+01  -2.870553402462E-02
     415  -3.425976195282E+00  -7.408858927307E-03
     416   5.377938211769E+00   1.681404534560E-02
     417   1.283489215504E+01   3.731675889068E-02
     418   1.659883164674E+01   4.774972757689E-02
     419   1.572227027678E+01   4.553215000282E-02
     420   1.093978273381E+01   3.261863184913E-02
     421   3.959657972060E+00   1.359585077334E-02
     422  -3.378899343660E+00  -6.593487768418E-03
     423  -9.508069657572E+00  -2.374227268945E-02
     424  -1.318285487115E+01  -3.450106034454E-02
     425  -1.354633776565E+01  -3.649540864294E-02
     426  -1.046074923493E+01  -2.916433070311E-02
     427  -4.814557013264E+00  -1.462766243775E-02
     428   1.626870421361E+00   2.589447664144E-03
     429   6.939033056362E+00   1.736825751310E-02
     430   1.007548664369E+01   2.674109413180E-02
     431   1.126313033133E+01   3.101052972417E-02
     432   1.124477844043E+01   3.185026721755E-02
     433   1.039943621534E+01   3.008233697181E-02
     434   8.612295208100E+00   2.537581124314E-02
     435   5.656023171175E+00   1.721917532276E-02
     436   1.640706495879E+00   6.055154937191E-03
     437  -2.931820041394E+00  -6.644184196307E-03
     438  -7.601574732306E+00  -1.959035525784E-02
     439  -1.215831696430E+01  -3.220575621059E-02
     440  -1.621559398848E+01  -4.340831697093E-02
     441  -1.888022266719E+01  -5.072675451181E-02
     442  -1.922583732485E+01  -5.164638639902E-02
     443  -1.690489836774E+01  -4.529407169808E-02
     444  -1.227249753651E+01  -3.274675647743E-02
     445  -6.233794543660E+00  -1.656310528129E-02
     446   5.681224274489E-02   9.579485002909E-05
     447   5.518186530743E+00   1.435842595826E-02
     448   9.437731290029E+00   2.440810271550E-02
     449   1.165556846420E+01   2.994614645399E-02
     450   1.239853677811E+01   3.170036054227E-02
     451   1.184757711344E+01   3.020536408593E-02
     452   1.002967564695E+01   2.549622929759E-02
     453   6.950935712307E+00   1.749701314335E-02
     454   2.572370519114E+00   5.996399974561E-03
     455  -3.105837920272E+00  -9.086554263268E-03
     456  -9.706808768169E+00  -2.675470748695E-02
     457  -1.621105805594E+01  -4.420948537899E-02
     458  -2.104071943649E+01  -5.713968036340E-02
     459  -2.286225870630E+01  -6.195647640716E-02
     460  -2.151252917616E+01  -5.828282129790E-02
     461  -1.807970578217E+01  -4.910554055267E-02
     462  -1.406949716911E+01  -3.847318585111E-02
     463  -1.062125180462E+01  -2.938106952251E-02
     464  -8.283682087244E+00  -2.320762599549E-02
     465  -7.082185453451E+00  -1.995288105620E-02
     466  -6.589911573776E+00  -1.847056545571E-02
     467  -6.122026710675E+00  -1.697839969051E-02
     468  -5.161457311531E+00  -1.415612493384E-02
     469  -3.746398715451E+00  -1.016893355809E-02
     470  -2.393217438747E+00  -6.469559342139E-03
     471  -1.577903875501E+00  -4.392419794912E-03
     472  -1.442760070748E+00  -4.337968631823E-03
     473  -1.708600153821E+00  -5.511086905020E-03
     474  -1.696149803177E+00  -5.959642399678E-03
     475  -7.728620230791E-01  -3.805448895610E-03
     476   1.007471586669E+00   9.393304786650E-04
     477   2.825604665331E+00   6.060499695745E-03
     478   3.720122115755E+00   8.823138527321E-03
     479   3.250558289975E+00   7.849454551583E-03
     480   1.769761849055E+00   3.950626754490E-03
     481   1.379833918050E-01  -5.863172348515E-04
     482  -1.030405490300E+00  -4.036387659129E-03
     483  -1.734275733592E+00  -6.248976467102E-03
     484  -2.214489273894E+00  -7.675174623104E-03
     485  -2.490405542761E+00  -8.204478605498E-03
     486  -2.431618970795E+00  -7.473355043048E-03
     487  -2.184362065705E+00  -6.042554634261E-03
     488  -2.354304494561E+00  -5.797938645151E-03
     489  -3.698926989594E+00  -8.994279340170E-03
     490  -6.650290596330E+00  -1.688612636461E-02
     491  -1.100738406806E+01  -2.890160644752E-02
     492  -1.597828627491E+01  -4.281967306769E-02
     493  -2.051140690992E+01  -5.570047814972E-02
     494  -2.358948259659E+01  -6.466889599584E-02
     495  -2.433256202346E+01  -6.720395807889E-02
     496  -2.198381737384E+01  -6.114801657083E-02
     497  -1.613850577102E+01  -4.537108184403E-02
     498  -7.326137621270E+00  -2.136700115201E-02
     499   2.726149648727E+00   6.067745362084E-03
     500   1.175063606408E+01   3.068726484366E-02
     501   1.779294299991E+01   4.715522757607E-02
     502   1.969849181943E+01   5.235918357319E-02
     503   1.735091849967E+01   4.603448705124E-02
     504   1.166245529091E+01   3.071174658481E-02
     505   4.291819369095E+00   1.093320041715E-02
     506  -2.774794271634E+00  -7.886072292481E-03
     507  -7.737365406489E+00  -2.087337824835E-02
     508  -9.547566871374E+00  -2.525655437810E-02
     509  -8.154386703688E+00  -2.101185081524E-02
     510  -4.455658802927E+00  -1.068592613736E-02
     511  -2.316734004485E-01   8.315663456709E-04
     512   2.343626432095E+00   7.674687069771E-03
     513   1.750115290094E+00   5.856126380396E-03
     514  -2.118325491411E+00  -4.733479708434E-03
     515  -8.156087005444E+00  -2.099901826832E-02
     516  -1.486262454719E+01  -3.893185910217E-02
     517  -2.109730187198E+01  -5.561206851798E-02
     518  -2.619403587596E+01  -6.939481747604E-02
     519  -2.962995113142E+01  -7.891643341724E-02
     520  -3.100376127837E+01  -8.303620565080E-02
     521  -3.034285386812E+01  -8.172631787032E-02
     522  -2.835386469548E+01  -7.678406231380E-02
     523  -2.629630493364E+01  -7.149109159179E-02
     524  -2.517931445361E+01  -6.848157905858E-02
     525  -2.498098810134E+01  -6.771632025863E-02
     526  -2.476768776526E+01  -6.682962832103E-02
     527  -2.365708443256E+01  -6.364037995629E-02
     528  -2.153392991747E+01  -5.796253134759E-02
     529  -1.863829714109E+01  -5.043213746111E-02
     530  -1.493051453109E+01  -4.081022092360E-02
     531  -1.017052317539E+01  -2.827921604472E-02
     532  -4.537212660339E+00  -1.321464103934E-02
     533   1.026847093924E+00   1.834952493426E-03
     534   5.073548519818E+00   1.286725694570E-02
     535   6.305588768142E+00   1.626109611665E-02
     536   4.242798370463E+00   1.064591573104E-02
     537  -5.258981480525E-01  -2.379464002687E-03
     538  -6.475663556482E+00  -1.861029573016E-02
     539  -1.164799970489E+01  -3.263732660798E-02
     540  -1.447995121461E+01  -4.016263310063E-02
     541  -1.449960165030E+01  -3.994268760980E-02
     542  -1.233231707248E+01  -3.379825337623E-02
     543  -9.199726814720E+00  -2.516647575838E-02
     544  -6.390492772861E+00  -1.757528645524E-02
     545  -4.790495584894E+00  -1.335252825085E-02
     546  -4.674146374540E+00  -1.313121741933E-02
     547  -5.825591747531E+00  -1.626037694810E-02
     548  -7.583988309927E+00  -2.093843154574E-02
     549  -8.810083035336E+00  -2.409353250599E-02
     550  -8.338226312574E+00  -2.259776088256E-02
     551  -5.756978702936E+00  -1.538959465959E-02
     552  -1.711334770132E+00  -4.291503215719E-03
     553   2.606016840899E+00   7.393541326102E-03
     554   6.222749058251E+00   1.700360882762E-02
     555   8.701607220905E+00   2.340136885000E-02
     556   1.008340328879E+01   2.681013944754E-02
     557   1.069921858074E+01   2.824461313517E-02
     558   1.097692898587E+01   2.890709557540E-02
     559   1.119529985323E+01   2.949686395063E-02
     560   1.131193907357E+01   2.980330757897E-02
     561   1.097927105287E+01   2.883055784961E-02
     562   9.601240162669E+00   2.497256821323E-02
     563   6.689115647522E+00   1.695699440815E-02
     564   2.325733187044E+00   5.063606785987E-03
     565  -2.760538010918E+00  -8.721466229414E-03
     566  -7.479893169600E+00  -2.147616570247E-02
     567  -1.074134060079E+01  -3.027556772785E-02
     568  -1.184061202203E+01  -3.322241302956E-02
     569  -1.055433690085E+01  -2.970993453816E-02
     570  -7.036277535298E+00  -2.014518450332E-02
     571  -1.971534670373E+00  -6.358657504438E-03
     572   3.375470671638E+00   8.265277948469E-03
     573   7.716461386654E+00   2.025257811808E-02
     574   1.032447261782E+01   2.755234884806E-02
     575   1.099438448427E+01   2.943544426985E-02
     576   9.933066964868E+00   2.633770725531E-02
     577   8.042884215128E+00   2.076876177343E-02
     578   6.710839074505E+00   1.670850220015E-02
     579   6.794284190852E+00   1.670110973926E-02
     580   7.991599510657E+00   2.003679933500E-02
     581   9.347351770235E+00   2.409480885594E-02
     582   1.011768743739E+01   2.672081700973E-02
     583   1.003231919381E+01   2.700966184103E-02
     584   9.087688763398E+00   2.482646930209E-02
     585   7.284323726702E+00   2.014653232933E-02
     586   4.395789979403E+00   1.241773185114E-02
     587   1.591260230766E-01   9.975558799087E-04
     588  -5.278592173459E+00  -1.371487408550E-02
     589  -1.122972806037E+01  -2.990948253932E-02
     590  -1.659739880770E+01  -4.463172665091E-02
     591  -2.013448917171E+01  -5.442938314099E-02
     592  -2.075842877214E+01  -5.624276006608E-02
     593  -1.788204147378E+01  -4.839887574278E-02
     594  -1.158691418895E+01  -3.117114944350E-02
     595  -2.654713870227E+00  -6.865528822133E-03
     596   7.592000917366E+00   2.072970249947E-02
     597   1.744394692397E+01   4.692595509441E-02
     598   2.500942678663E+01   6.674316550098E-02
     599   2.886363758431E+01   7.655860269146E-02
     600   2.873563755581E+01   7.580306024821E-02
     601   2.548886416994E+01   6.681938588062E-02
     602   2.056366459011E+01   5.339692893119E-02
     603   1.539367721695E+01   3.929329798244E-02
     604   1.100741513578E+01   2.722383822791E-02
     605   7.826431940918E+00   1.833680259219E-02
     606   5.643009767443E+00   1.214660823964E-02
     607   3.724222401242E+00   6.773787375306E-03
     608   1.246050205241E+00   6.665784881985E-05
     609  -1.991286676854E+00  -8.477835125511E-03
     610  -5.337055554173E+00  -1.712022456876E-02
     611  -7.864946016395E+00  -2.345863953196E-02
     612  -8.929827642870E+00  -2.589034653436E-02
     613  -8.259847682434E+00  -2.378280391539E-02
     614  -5.862471029985E+00  -1.718519721747E-02
     615  -1.988404385846E+00  -6.721456500228E-03
     616   2.850145516817E+00   6.331434585083E-03
     617   7.851218100473E+00   1.986007313618E-02
     618   1.184190186497E+01   3.062770014461E-02
     619   1.337858903615E+01   3.461478586188E-02
     620   1.124666491275E+01   2.848885786474E-02
     621   5.166924419074E+00   1.155019166241E-02
     622  -3.722833648061E+00  -1.303238565209E-02
     623  -1.321702208031E+01  -3.923044826303E-02
     624  -2.118045376889E+01  -6.121278518634E-02
     625  -2.641963975548E+01  -7.565568393093E-02
     626  -2.871710723366E+01  -8.186834057663E-02
     627  -2.852327294109E+01  -8.103097228434E-02
     628  -2.665245254930E+01  -7.540779852075E-02
     629  -2.400500956172E+01  -6.760055591535E-02
     630  -2.139745845570E+01  -6.006070927239E-02
     631  -1.941502368102E+01  -5.460846478896E-02
     632  -1.821915078954E+01  -5.178465019354E-02
     633  -1.748786484905E+01  -5.058145142541E-02
     634  -1.673461157831E+01  -4.931556243227E-02
     635  -1.581834087245E+01  -4.718532759555E-02
     636  -1.509728416959E+01  -4.492078136570E-02
     637  -1.497807576520E+01  -4.368404052686E-02
     638  -1.522363026906E+01  -4.315395324689E-02
     639  -1.481143836973E+01  -4.096926126331E-02
     640  -1.265920059252E+01  -3.448797860607E-02
     641  -8.594898157341E+00  -2.331509389031E-02
     642  -3.671668492469E+00  -1.017865701675E-02
     643   4.081520116273E-01   5.297556142294E-04
     644   2.192705330298E+00   5.060002050964E-03
     645   1.188191496318E+00   2.142340719527E-03
     646  -1.865857680554E+00  -6.269176598327E-03
     647  -5.402978393010E+00  -1.605663955148E-02
     648  -8.017594504470E+00  -2.354139938693E-02
     649  -9.351526091931E+00  -2.780205220858E-02
     650  -1.000030472196E+01  -3.038358230699E-02
     651  -1.052422219272E+01  -3.268424426033E-02
     652  -1.076193499892E+01  -3.416648753921E-02
     653  -9.965233969788E+00  -3.271537271674E-02
     654  -7.309420106901E+00  -2.599044068149E-02
     655  -2.283582025130E+00  -1.249557942391E-02
     656   4.847726425833E+00   7.104398272340E-03
     657   1.264374700555E+01   2.886031229965E-02
     658   1.898537168107E+01   4.692232181214E-02
     659   2.238596108732E+01   5.714530441722E-02
     660   2.282131456236E+01   5.935351701044E-02
     661   2.138207270100E+01   5.634325779936E-02
     662   1.922766304010E+01   5.104041454460E-02
     663   1.669588892227E+01   4.423929864867E-02
     664   1.334510608959E+01   3.484112625274E-02
     665   8.832596784009E+00   2.215394024559E-02
     666   3.655045326674E+00   7.726767807742E-03
     667  -1.034346947460E+00  -5.250116299298E-03
     668  -4.183837142339E+00  -1.398403633445E-02
     669  -5.217411313680E+00  -1.698912152268E-02
     670  -3.895804955015E+00  -1.361599124674E-02
     671  -1.244703138866E-01  -3.544951452188E-03
     672   5.956186830986E+00   1.289991222599E-02
     673   1.371451498452E+01   3.403588236650E-02
     674   2.184743917971E+01   5.634461874902E-02
     675   2.850788577722E+01   7.477005445585E-02
     676   3.224551414712E+01   8.525107454099E-02
     677   3.303703621885E+01   8.759586938848E-02
     678   3.225548766812E+01   8.546609383677E-02
     679   3.158755660288E+01   8.342604866007E-02
     680   3.190994144986E+01   8.386097646731E-02
     681   3.299290239108E+01   8.619754919302E-02
     682   3.400945395662E+01   8.832774413783E-02
     683   3.413824516766E+01   8.818572886998E-02
     684   3.284036974940E+01   8.438978341023E-02
     685   2.980961985484E+01   7.608485594196E-02
     686   2.492954829454E+01   6.291157059407E-02
     687   1.852688955463E+01   4.576989899157E-02
     688   1.175854500057E+01   2.785780993291E-02
     689   6.725167143835E+00   1.490104027921E-02
     690   5.579964219910E+00   1.264958963182E-02
     691   9.094920335360E+00   2.297941524651E-02
     692   1.594276367215E+01   4.205416870859E-02
     693   2.311318194534E+01   6.159988328443E-02
     694   2.737881303113E+01   7.292816860025E-02
     695   2.691421594452E+01   7.126141446975E-02
     696   2.200639909139E+01   5.757225147274E-02
     697   1.441944935245E+01   3.675264191858E-02
     698   6.295202509794E+00   1.457172577996E-02
     699  -4.889972206768E-01  -3.982667259286E-03
     700  -4.483699256274E+00  -1.501115828567E-02
     701  -4.979029678700E+00  -1.650456067954E-02
     702  -2.183225470067E+00  -8.903434902036E-03
     703   3.036062379395E+00   5.490502180937E-03
     704   9.387045189712E+00   2.308723108835E-02
     705   1.542661069735E+01   3.979518078813E-02
     706   2.003762899270E+01   5.244957230079E-02
     707   2.255558317634E+01   5.925932776670E-02
     708   2.271857096808E+01   5.964333696972E-02
     709   2.087054841987E+01   5.466109180758E-02
     710   1.807559822930E+01   4.722349296093E-02
     711   1.568989195218E+01   4.092336308343E-02
     712   1.475993132106E+01   3.847120982535E-02
     713   1.565796519404E+01   4.078950527314E-02
     714   1.803739160474E+01   4.692971784364E-02
     715   2.098580343667E+01   5.445823359405E-02
     716   2.343671726629E+01   6.051376967436E-02
     717   2.457467530321E+01   6.288651685174E-02
     718   2.417261409304E+01   6.097835242458E-02
     719   2.271586566447E+01   5.619419692360E-02
     720   2.074468593584E+01   5.016413897100E-02
     721   1.838110220324E+01   4.338682315521E-02
     722   1.553232398790E+01   3.567855289247E-02
     723   1.212923193126E+01   2.677079088061E-02
     724   8.190427362625E+00   1.653288187939E-02
     725   3.914059609196E+00   5.355540114807E-03
     726   3.759416792921E-03  -4.887490253245E-03
     727  -2.190860794223E+00  -1.053692348084E-02
     728  -1.380857258673E+00  -8.160229803728E-03
     729   2.424136915339E+00   2.129474973581E-03
     730   7.372861783941E+00   1.533067010627E-02
     731   1.042003596192E+01   2.334874627665E-02
     732   8.767081603122E+00   1.877783198793E-02
     733   1.435661730689E+00  -9.727596469984E-04
     734  -1.004951300037E+01  -3.183541948770E-02
     735  -2.244911455158E+01  -6.512572498042E-02
     736  -3.240067996320E+01  -9.178794434005E-02
     737  -3.786706495051E+01  -1.063373032787E-01
     738  -3.880667455108E+01  -1.087178702595E-01
     739  -3.675882513277E+01  -1.031691678501E-01
     740  -3.370951500379E+01  -9.514209333518E-02
     741  -3.122608115069E+01  -8.894780917151E-02
     742  -3.000375144147E+01  -8.647087236256E-02
     743  -2.967371213323E+01  -8.658610434627E-02
     744  -2.939915148243E+01  -8.678810978950E-02
     745  -2.881026512515E+01  -8.581627728875E-02
     746  -2.844863951888E+01  -8.500538063339E-02
     747  -2.912370892474E+01  -8.661415736223E-02
     748  -3.077276209655E+01  -9.063007078087E-02
     749  -3.237383002771E+01  -9.437468584503E-02
     750  -3.305703142936E+01  -9.549333395022E-02
     751  -3.291913964058E+01  -9.424714543449E-02
     752  -3.261465642131E+01  -9.245508562294E-02
     753  -3.218439789829E+01  -9.029401832487E-02
     754  -3.042877440603E+01  -8.457031134415E-02
     755  -2.582186414499E+01  -7.120978503884E-02
     756  -1.799310677699E+01  -4.929237241622E-02
     757  -8.251144064357E+00  -2.244621640834E-02
     758   9.552240646472E-01   2.673267765195E-03
     759   7.130521030054E+00   1.937455662044E-02
     760   8.843732128941E+00   2.388898419163E-02
     761   6.322516269346E+00   1.687122751425E-02
     762   1.324440105499E+00   3.008535086938E-03
     763  -3.773535147938E+00  -1.136040589529E-02
     764  -7.224564287858E+00  -2.150464059456E-02
     765  -8.564296204018E+00  -2.601235439907E-02
     766  -8.516979513639E+00  -2.659275046033E-02
     767  -8.538645958499E+00  -2.696750327316E-02
     768  -1.006625902731E+01  -3.096627108082E-02
     769  -1.355133532074E+01  -3.993869067043E-02
     770  -1.803202042632E+01  -5.150410490522E-02
     771  -2.138167165169E+01  -6.006512483920E-02
     772  -2.089358934093E+01  -5.828974544005E-02
     773  -1.448282797125E+01  -4.044677313921E-02
     774  -2.302797584676E+00  -6.947199579435E-03
     775   1.262777840100E+01   3.389757033360E-02
     776   2.556202703925E+01   6.905849443300E-02
     777   3.222151417690E+01   8.689282889544E-02
     778   3.077685018752E+01   8.258447892696E-02
     779   2.246792535528E+01   5.975078295332E-02
     780   1.061352214398E+01   2.758091867679E-02
     781  -1.006583283686E+00  -3.653585406481E-03
     782  -9.800138196328E+00  -2.701750948904E-02
     783  -1.523605169672E+01  -4.122306651743E-02
     784  -1.817761122234E+01  -4.880003644936E-02
     785  -1.952827652716E+01  -5.235724552260E-02
     786  -1.961204851420E+01  -5.281412491448E-02
     787  -1.872450040802E+01  -5.089595590619E-02
     788  -1.801993029005E+01  -4.960930955562E-02
     789  -1.916264244172E+01  -5.331649655372E-02
     790  -2.291166049712E+01  -6.390064955131E-02
     791  -2.839356510747E+01  -7.887390871101E-02
     792  -3.370672193789E+01  -9.312605573671E-02
     793  -3.690024164309E+01  -1.015700380682E-01
     794  -3.673304230880E+01  -1.010487505192E-01
     795  -3.304325672125E+01  -9.118275718004E-02
     796  -2.654250022683E+01  -7.377957496848E-02
     797  -1.850272154359E+01  -5.208592477764E-02
     798  -1.066530560925E+01  -3.070400487794E-02
     799  -4.836910192464E+00  -1.459288318317E-02
     800  -2.112487742139E+00  -6.889934604944E-03
     801  -2.380864985409E+00  -7.405579939333E-03
     802  -4.476186322557E+00  -1.295455190062E-02
     803  -6.833878890236E+00  -1.920462887639E-02
     804  -8.398274828520E+00  -2.327182458154E-02
     805  -9.103016714834E+00  -2.504977266801E-02
     806  -9.497761257222E+00  -2.610649062231E-02
     807  -1.014997048062E+01  -2.799253702776E-02
     808  -1.135665218914E+01  -3.145398237969E-02
     809  -1.319321785266E+01  -3.659291954066E-02
     810  -1.567643651956E+01  -4.339694059268E-02
     811  -1.887117252782E+01  -5.210695334434E-02
     812  -2.252566906241E+01  -6.216662749680E-02
     813  -2.589423467257E+01  -7.156446802731E-02
     814  -2.823063333210E+01  -7.807829118531E-02
     815  -2.894360549400E+01  -7.981718715894E-02
     816  -2.765833714693E+01  -7.560593326326E-02
     817  -2.447311009013E+01  -6.580783527441E-02
     818  -2.002682618826E+01  -5.246376960427E-02
     819  -1.532525117922E+01  -3.863915130041E-02
     820  -1.144379959221E+01  -2.747407074369E-02
     821  -9.208297834015E+00  -2.130807559203E-02
     822  -9.094684895433E+00  -2.142921610088E-02
     823  -1.161374510646E+01  -2.909868917092E-02
     824  -1.740043856475E+01  -4.580804708853E-02
     825  -2.633236554338E+01  -7.097900783147E-02
     826  -3.669304303045E+01  -9.976980879579E-02
     827  -4.567921279931E+01  -1.244987551897E-01
     828  -5.081492182163E+01  -1.385245652220E-01
     829  -5.116304313973E+01  -1.395112445156E-01
     830  -4.755921258294E+01  -1.299329746720E-01
     831  -4.172524622832E+01  -1.145403815802E-01
     832  -3.516836703115E+01  -9.734799016239E-02
     833  -2.890864181971E+01  -8.096414060759E-02
     834  -2.374850099533E+01  -6.742403339486E-02
     835  -1.992448859757E+01  -5.731835157774E-02
     836  -1.649276156551E+01  -4.813591709878E-02
     837  -1.166063287706E+01  -3.510273790907E-02
     838  -4.253259225479E+00  -1.506506625039E-02
     839   4.883809792389E+00   9.749595226370E-03
     840   1.293724842859E+01   3.182476420661E-02
     841   1.688053463873E+01   4.301895756249E-02
     842   1.559205498319E+01   4.024707881041E-02
     843   1.001492837232E+01   2.593147175206E-02
     844   1.792545443634E+00   4.418334133758E-03
     845  -7.665200369978E+00  -2.046261757483E-02
     846  -1.720222331757E+01  -4.548201654958E-02
     847  -2.583678748346E+01  -6.792097925704E-02
     848  -3.269013228515E+01  -8.547267736611E-02
     849  -3.684827322926E+01  -9.582435747104E-02
     850  -3.766006307602E+01  -9.736241099922E-02
     851  -3.520056237426E+01  -9.035659341715E-02
     852  -3.038116456539E+01  -7.727779781208E-02
     853  -2.442054563924E+01  -6.142305154831E-02
     854  -1.833518339624E+01  -4.555880495454E-02
     855  -1.293359801017E+01  -3.190150451528E-02
     856  -8.870519899110E+00  -2.219987447476E-02
     857  -6.591651927479E+00  -1.752553110947E-02
     858  -6.247036182349E+00  -1.808016471018E-02
     859  -7.428565228065E+00  -2.257037569429E-02
     860  -9.109252197148E+00  -2.807895652793E-02
     861  -1.008609507121E+01  -3.125116505246E-02
     862  -9.891979440348E+00  -3.078103474686E-02
     863  -9.322293083234E+00  -2.887327978165E-02
     864  -9.759163211777E+00  -2.938666754848E-02
     865  -1.233532439082E+01  -3.552728248491E-02
     866  -1.751107307610E+01  -4.866747990563E-02
     867  -2.477171953792E+01  -6.749148446829E-02
     868  -3.261328759771E+01  -8.795627270915E-02
     869  -3.910571318424E+01  -1.048867969789E-01
     870  -4.262304018573E+01  -1.139911007841E-01
     871  -4.237766642846E+01  -1.132627714514E-01
     872  -3.860483734248E+01  -1.034271387010E-01
     873  -3.207630675899E+01  -8.660134306228E-02
     874  -2.365576408328E+01  -6.506774365727E-02
     875  -1.432289942490E+01  -4.129716071495E-02
     876  -5.404470367273E+00  -1.858705060188E-02
     877   1.542957360715E+00  -8.611565520053E-04
     878   5.414297310379E+00   9.050911429937E-03
     879   6.090235639026E+00   1.081670400608E-02
     880   4.429123502124E+00   6.616482447806E-03
     881   1.987727986159E+00   4.900736299184E-04
     882   4.271602430559E-01  -3.200744217228E-03
     883   8.683140764370E-01  -1.546502745801E-03
     884   3.580205124565E+00   6.054485693486E-03
     885   8.149228673500E+00   1.843214887077E-02
     886   1.377618211785E+01   3.348147437387E-02
     887   1.935192814189E+01   4.832748428798E-02
     888   2.357373177872E+01   5.959447313384E-02
     889   2.526466310284E+01   6.420283868125E-02
     890   2.386698704651E+01   6.063342831075E-02
     891   2.010886023953E+01   5.073039433593E-02
     892   1.613165653635E+01   4.012700244324E-02
     893   1.453587536952E+01   3.573716414584E-02
     894   1.701853164967E+01   4.209171014927E-02
     895   2.301200658609E+01   5.772730993733E-02
     896   2.960089183905E+01   7.499320621308E-02
     897   3.298617920827E+01   8.387067443621E-02
     898   3.060450015321E+01   7.755008670293E-02
     899   2.262216751047E+01   5.641438391492E-02
     900   1.156075519008E+01   2.706973062999E-02
     901   7.281176024389E-02  -3.520509980297E-03
     902  -1.058599398729E+01  -3.203362581161E-02
     903  -2.020611375772E+01  -5.784212435519E-02
     904  -2.848600111782E+01  -8.001885681717E-02
     905  -3.436342802578E+01  -9.559071136016E-02
     906  -3.649688588650E+01  -1.008966924632E-01
     907  -3.443789853520E+01  -9.485356621192E-02
     908  -2.903977972798E+01  -8.004935570553E-02
     909  -2.170428222747E+01  -6.052318059307E-02
     910  -1.352121419891E+01  -3.924161355073E-02
     911  -5.358234781372E+00  -1.827339165510E-02
     912   2.054477877740E+00   8.710074076285E-04
     913   8.693081680280E+00   1.856587785758E-02
     914   1.513835406780E+01   3.655991817052E-02
     915   2.180168015158E+01   5.578352750916E-02
     916   2.834864365243E+01   7.487876001865E-02
     917   3.394113856004E+01   9.106917922710E-02
     918   3.774671144654E+01   1.017648825644E-01
     919   3.920629806748E+01   1.053983746663E-01
     920   3.833743981243E+01   1.022177106130E-01
     921   3.564339761605E+01   9.390732788082E-02
     922   3.153365196831E+01   8.187487066624E-02
     923   2.594733982113E+01   6.611809347299E-02
     924   1.874448557429E+01   4.628155200591E-02
     925   1.067227880176E+01   2.439288208305E-02
     926   4.064144912618E+00   6.817869604256E-03
     927   2.000522362131E+00   1.924903863940E-03
     928   6.228344531571E+00   1.440190181215E-02
     929   1.577557412065E+01   4.150630906406E-02
     930   2.754635555109E+01   7.465940592317E-02
     931   3.813296581115E+01   1.043634845604E-01
     932   4.523697157704E+01   1.241800338524E-01
     933   4.815798900599E+01   1.322146304051E-01
     934   4.733135419388E+01   1.298510494737E-01
     935   4.369506685180E+01   1.198229628757E-01
     936   3.817100130894E+01   1.046685914468E-01
     937   3.138767589818E+01   8.605107464524E-02
     938   2.372776564445E+01   6.501255123618E-02
     939   1.571891692952E+01   4.307120382317E-02
     940   8.108503788478E+00   2.235109107456E-02
     941   1.346636194574E+00   4.080936999661E-03
     942  -4.604767195442E+00  -1.198717248791E-02
     943  -9.864694466088E+00  -2.642381829114E-02
     944  -1.414468065973E+01  -3.861973928739E-02
     945  -1.679256458860E+01  -4.673907401388E-02
     946  -1.737683786502E+01  -4.930905212189E-02
     947  -1.634070676359E+01  -4.717805053584E-02
     948  -1.498050970962E+01  -4.368783756299E-02
     949  -1.453702420104E+01  -4.231726051413E-02
     950  -1.501409426696E+01  -4.334631811431E-02
     951  -1.501935520981E+01  -4.315884562437E-02
     952  -1.329990951684E+01  -3.825358661525E-02
     953  -1.022230003846E+01  -2.939063023627E-02
     954  -7.572624838646E+00  -2.132926260680E-02
     955  -7.051682637689E+00  -1.885222698268E-02
     956  -8.894134588259E+00  -2.287936445642E-02
     957  -1.200654673803E+01  -3.066752529310E-02
     958  -1.462085516167E+01  -3.751706372986E-02
     959  -1.459991146995E+01  -3.761284732546E-02
     960  -1.059111485070E+01  -2.724656584438E-02
     961  -3.463845147863E+00  -8.800012069369E-03
     962   3.542247056390E+00   8.931760409854E-03
     963   6.032065306063E+00   1.417014134007E-02
     964   8.351764854982E-01  -1.443391313718E-03
     965  -1.183444345810E+01  -3.714006526300E-02
     966  -2.827846818704E+01  -8.276698580658E-02
     967  -4.355068000061E+01  -1.247933643347E-01
     968  -5.397367983174E+01  -1.531176967509E-01
     969  -5.820768459191E+01  -1.639825677071E-01
     970  -5.741438774547E+01  -1.605161193493E-01
     971  -5.429234054780E+01  -1.502109406002E-01
     972  -5.110954546057E+01  -1.395703760440E-01
     973  -4.831045768028E+01  -1.301841970141E-01
     974  -4.514001248027E+01  -1.202921598099E-01
     975  -4.127332507544E+01  -1.091733253149E-01
     976  -3.749235389964E+01  -9.892331388505E-02
     977  -3.507188477825E+01  -9.272070383351E-02
     978  -3.480036323499E+01  -9.227548297812E-02
     979  -3.640544444273E+01  -9.655729132553E-02
     980  -3.858086545084E+01  -1.020970125425E-01
     981  -3.940901575904E+01  -1.040994321491E-01
     982  -3.712604534833E+01  -9.823436842173E-02
     983  -3.109902125041E+01  -8.297553616182E-02
     984  -2.253148295239E+01  -6.140416584374E-02
     985  -1.400651515829E+01  -4.007667283201E-02
     986  -7.968931017158E+00  -2.514509496832E-02
     987  -5.418706170202E+00  -1.901938924232E-02
     988  -5.862369942848E+00  -2.032833243336E-02
     989  -8.308703853323E+00  -2.658140859861E-02
     990  -1.229693573687E+01  -3.677574143273E-02
     991  -1.777358635495E+01  -5.087034746884E-02
     992  -2.421671475126E+01  -6.736974987659E-02
     993  -3.042281485123E+01  -8.287312187761E-02
     994  -3.500430756773E+01  -9.361979997783E-02
     995  -3.691013934818E+01  -9.697785201827E-02
     996  -3.585576108680E+01  -9.252501353112E-02
     997  -3.257685554503E+01  -8.257440346082E-02
     998  -2.848286250113E+01  -7.109992759905E-02
     999  -2.508119074434E+01  -6.214255038783E-02
    1000  -2.356626036376E+01  -5.876543647497E-02
