# lag   <C(lag)>_blocks   <C_norm(lag)>_blocks
       0   9.237546574907E-04   1.000000000000E+00
       1   8.991669756953E-04   9.692189315211E-01
       2   8.757797183217E-04   9.398289330953E-01
       3   8.534926755231E-04   9.113186214303E-01
       4   8.318041872836E-04   8.840885176971E-01
       5   8.104335904365E-04   8.575683677588E-01
       6   7.889670273635E-04   8.307092745146E-01
       7   7.685340869656E-04   8.047910086235E-01
       8   7.491566103533E-04   7.802735552775E-01
       9   7.313723760091E-04   7.581817200235E-01
      10   7.136572962604E-04   7.364671718231E-01
      11   6.954938816175E-04   7.140199916804E-01
      12   6.790176997957E-04   6.935662794500E-01
      13   6.633901043182E-04   6.741021159190E-01
      14   6.476733831212E-04   6.547604257276E-01
      15   6.333818023517E-04   6.372744128092E-01
      16   6.202487533405E-04   6.213193364474E-01
      17   6.079428774524E-04   6.063221796283E-01
      18   5.976689495422E-04   5.945195057377E-01
      19   5.868985998642E-04   5.819383787867E-01
      20   5.765524075096E-04   5.701521834738E-01
      21   5.667562845771E-04   5.588591668071E-01
      22   5.569201702112E-04   5.477525640202E-01
      23   5.481197571201E-04   5.377132798900E-01
      24   5.400883134106E-04   5.280562955465E-01
      25   5.328119536920E-04   5.194073750832E-01
      26   5.256442779026E-04   5.108895298001E-01
      27   5.183301808573E-04   5.026367526082E-01
      28   5.110380942121E-04   4.941279554617E-01
      29   5.033310885980E-04   4.855843224344E-01
      30   4.955901982656E-04   4.773148217340E-01
      31   4.881190688312E-04   4.692759259203E-01
      32   4.813019422507E-04   4.615446837997E-01
      33   4.758438272256E-04   4.549022320406E-01
      34   4.694040075032E-04   4.478272779581E-01
      35   4.622647448141E-04   4.396933719242E-01
      36   4.559648132111E-04   4.330685733245E-01
      37   4.493373124796E-04   4.253131887503E-01
      38   4.427778296226E-04   4.175325621231E-01
      39   4.357360623329E-04   4.092670721711E-01
      40   4.283619224039E-04   4.010296375339E-01
      41   4.217151473204E-04   3.933674823677E-01
      42   4.157832031405E-04   3.865998421606E-01
      43   4.105171639907E-04   3.807328178891E-01
      44   4.062178960448E-04   3.761548032123E-01
      45   4.024886799889E-04   3.724220382271E-01
      46   3.986277215150E-04   3.681218256928E-01
      47   3.958615185185E-04   3.655475025454E-01
      48   3.932514960044E-04   3.638203592305E-01
      49   3.899014463149E-04   3.611735404417E-01
      50   3.884657779465E-04   3.618209806252E-01
      51   3.862007712394E-04   3.610711038107E-01
      52   3.836681059187E-04   3.601373582682E-01
      53   3.802762430127E-04   3.579229816350E-01
      54   3.766153377185E-04   3.552338633018E-01
      55   3.728705058196E-04   3.526718681561E-01
      56   3.671101350273E-04   3.477358663241E-01
      57   3.607993479392E-04   3.417555504371E-01
      58   3.550695838281E-04   3.363463148822E-01
      59   3.496485410825E-04   3.311049983337E-01
      60   3.444380402826E-04   3.263894211590E-01
      61   3.399494474992E-04   3.226459567067E-01
      62   3.348532323756E-04   3.179221750029E-01
      63   3.294714866710E-04   3.130764543843E-01
      64   3.235368525041E-04   3.076315204947E-01
      65   3.186453927979E-04   3.037113392115E-01
      66   3.130363558022E-04   2.994359161231E-01
      67   3.071247702305E-04   2.943249223749E-01
      68   3.031707477798E-04   2.915048802034E-01
      69   2.988089015229E-04   2.882904272424E-01
      70   2.950456916999E-04   2.855450190753E-01
      71   2.901882922623E-04   2.817021463970E-01
      72   2.851579744447E-04   2.778786594489E-01
      73   2.804716684747E-04   2.747318497251E-01
      74   2.770892058855E-04   2.729903951619E-01
      75   2.742292685388E-04   2.715915139154E-01
      76   2.710040869391E-04   2.694895422133E-01
      77   2.680086621708E-04   2.670429734777E-01
      78   2.650539694622E-04   2.647534527838E-01
      79   2.613234839829E-04   2.613075593588E-01
      80   2.571303546411E-04   2.575234220963E-01
      81   2.535677378416E-04   2.545930002726E-01
      82   2.498260442810E-04   2.514869235412E-01
      83   2.453997160472E-04   2.472941675721E-01
      84   2.404622987762E-04   2.425919520012E-01
      85   2.356660810144E-04   2.377195436091E-01
      86   2.318362220032E-04   2.338569013998E-01
      87   2.287774892561E-04   2.307131756776E-01
      88   2.266199728125E-04   2.287909026942E-01
      89   2.231483683280E-04   2.248678810124E-01
      90   2.192004065249E-04   2.200521151884E-01
      91   2.153652455041E-04   2.152061879378E-01
      92   2.117462691231E-04   2.110689880334E-01
      93   2.087011297572E-04   2.075178341940E-01
      94   2.056667425054E-04   2.045245267366E-01
      95   2.021625393699E-04   2.009561296276E-01
      96   1.990559882624E-04   1.975755027802E-01
      97   1.947866885030E-04   1.927668671246E-01
      98   1.904713403849E-04   1.877766777800E-01
      99   1.871209949630E-04   1.839623923154E-01
     100   1.848443560744E-04   1.818074954130E-01
     101   1.825395181315E-04   1.800251264908E-01
     102   1.803891802664E-04   1.789770873855E-01
     103   1.794389942840E-04   1.788557154536E-01
     104   1.780765429197E-04   1.782758161837E-01
     105   1.769634831133E-04   1.785493725908E-01
     106   1.765336030761E-04   1.797028076716E-01
     107   1.759570017149E-04   1.803737856780E-01
     108   1.756575248706E-04   1.813596590263E-01
     109   1.764245174107E-04   1.825735506785E-01
     110   1.758007548662E-04   1.822730833327E-01
     111   1.750262168834E-04   1.816792964245E-01
     112   1.747682467750E-04   1.814477279947E-01
     113   1.740060111461E-04   1.800201697326E-01
     114   1.709764400967E-04   1.747288482747E-01
     115   1.670776835657E-04   1.685618336810E-01
     116   1.642285148239E-04   1.637068022656E-01
     117   1.628255736486E-04   1.607553751272E-01
     118   1.606328297938E-04   1.574971852135E-01
     119   1.593254386564E-04   1.549751626494E-01
     120   1.583712707947E-04   1.529827375705E-01
     121   1.572251188068E-04   1.502976565188E-01
     122   1.570925059478E-04   1.493250043844E-01
     123   1.549281698043E-04   1.456481711039E-01
     124   1.531449385413E-04   1.423805124268E-01
     125   1.503793230393E-04   1.381547674389E-01
     126   1.477204544006E-04   1.346224761143E-01
     127   1.450614296143E-04   1.313526439016E-01
     128   1.426192675920E-04   1.289653023698E-01
     129   1.405073461740E-04   1.263889039306E-01
     130   1.384401273096E-04   1.241325826678E-01
     131   1.368478922822E-04   1.233727706158E-01
     132   1.360915231916E-04   1.234755794161E-01
     133   1.354791621774E-04   1.232951583810E-01
     134   1.335728570456E-04   1.210531912290E-01
     135   1.323343313139E-04   1.202544974209E-01
     136   1.309686824333E-04   1.197848351014E-01
     137   1.299003832908E-04   1.196439276078E-01
     138   1.292297075199E-04   1.197927351334E-01
     139   1.274893481478E-04   1.195025232102E-01
     140   1.257761998627E-04   1.191100139158E-01
     141   1.245033202962E-04   1.192841611013E-01
     142   1.234901933304E-04   1.193113399986E-01
     143   1.211820090841E-04   1.180063102813E-01
     144   1.190871007097E-04   1.164772208570E-01
     145   1.178829356778E-04   1.159424342891E-01
     146   1.155647409295E-04   1.138254612856E-01
     147   1.124102794616E-04   1.101086191820E-01
     148   1.087925093982E-04   1.061172864799E-01
     149   1.043046134650E-04   1.008464148096E-01
     150   1.014297402124E-04   9.745227381253E-02
     151   9.879266218127E-05   9.444291812090E-02
     152   9.524600598005E-05   9.058251660191E-02
     153   9.256911113293E-05   8.751827143076E-02
     154   8.989987415447E-05   8.470319507092E-02
     155   8.798250308342E-05   8.295099976552E-02
     156   8.647905771012E-05   8.177560411488E-02
     157   8.428976139500E-05   8.004073772657E-02
     158   8.294735012212E-05   7.935157591789E-02
     159   8.189721254651E-05   7.932507122273E-02
     160   8.057058872777E-05   7.871678704215E-02
     161   7.906817993819E-05   7.808594086825E-02
     162   7.787267617955E-05   7.837731471163E-02
     163   7.682916516713E-05   7.866862550852E-02
     164   7.588748560649E-05   7.845930703552E-02
     165   7.338289511668E-05   7.590352084219E-02
     166   7.110619737548E-05   7.354140751378E-02
     167   6.909432548357E-05   7.188554807121E-02
     168   6.844214777802E-05   7.160423592917E-02
     169   6.743253248602E-05   7.060314290118E-02
     170   6.520809490375E-05   6.854436058208E-02
     171   6.303494538950E-05   6.625320279654E-02
     172   6.120043268220E-05   6.501078523989E-02
     173   5.973310053483E-05   6.433199104863E-02
     174   5.726560544299E-05   6.151487030949E-02
     175   5.485580652875E-05   5.855279586414E-02
     176   5.285646785461E-05   5.585428344827E-02
     177   5.178022061443E-05   5.414191858607E-02
     178   5.151317104531E-05   5.328251563757E-02
     179   5.235207559859E-05   5.311628650982E-02
     180   5.301394429226E-05   5.259833719683E-02
     181   5.418666277425E-05   5.278452963671E-02
     182   5.550333245446E-05   5.333882440790E-02
     183   5.672360305437E-05   5.392542302853E-02
     184   5.681248570966E-05   5.292944694470E-02
     185   5.734965929255E-05   5.194130999899E-02
     186   5.840673662858E-05   5.167086971427E-02
     187   5.967976149999E-05   5.192922687550E-02
     188   6.100932082739E-05   5.278261919048E-02
     189   6.285553028241E-05   5.407887458197E-02
     190   6.450098840744E-05   5.596235275412E-02
     191   6.576943658662E-05   5.779181238334E-02
     192   6.684103909829E-05   5.898842261256E-02
     193   6.737862999691E-05   5.991336503680E-02
     194   6.711782873357E-05   6.010784962077E-02
     195   6.737474653806E-05   6.115556883258E-02
     196   6.849686935842E-05   6.372805193123E-02
     197   6.921479190554E-05   6.554086405852E-02
     198   6.906012040943E-05   6.624416298973E-02
     199   6.943043699622E-05   6.737724712072E-02
     200   7.047205374278E-05   6.980998840374E-02
     201   7.195244027823E-05   7.382739538488E-02
     202   7.312967708055E-05   7.763972695048E-02
     203   7.480890569003E-05   8.224768720627E-02
     204   7.565719323005E-05   8.620086609559E-02
     205   7.637382473749E-05   9.020097135581E-02
     206   7.812512684247E-05   9.571150233486E-02
     207   7.939657989847E-05   9.972571763174E-02
     208   8.086087018286E-05   1.039636655671E-01
     209   8.151230498881E-05   1.073550814161E-01
     210   8.160414020126E-05   1.096045244291E-01
     211   8.119912520652E-05   1.110096196476E-01
     212   8.103737813181E-05   1.127399879687E-01
     213   8.088117500621E-05   1.143832497695E-01
     214   8.174102958492E-05   1.174249303964E-01
     215   8.208719262534E-05   1.198412643405E-01
     216   8.193726377225E-05   1.216742864277E-01
     217   8.141842036462E-05   1.229269486117E-01
     218   8.040850444200E-05   1.234803637435E-01
     219   7.894730159154E-05   1.228480026000E-01
     220   7.616535836445E-05   1.204031611921E-01
     221   7.352873021178E-05   1.180737122634E-01
     222   6.983678635434E-05   1.141162673415E-01
     223   6.589505495884E-05   1.095840001946E-01
     224   6.308483433589E-05   1.062457105503E-01
     225   6.040927744822E-05   1.031770737688E-01
     226   5.843894009861E-05   1.003979429719E-01
     227   5.667481048596E-05   9.790394358940E-02
     228   5.561469704915E-05   9.666504958837E-02
     229   5.424956412180E-05   9.415981731489E-02
     230   5.167832900614E-05   9.037192706978E-02
     231   4.884340782718E-05   8.625807893273E-02
     232   4.741616446820E-05   8.366274309151E-02
     233   4.743095653835E-05   8.307118707115E-02
     234   4.743157103871E-05   8.302844068187E-02
     235   4.851274145372E-05   8.464495610695E-02
     236   4.960339525027E-05   8.613738306713E-02
     237   5.009790620160E-05   8.721337021465E-02
     238   4.982469559431E-05   8.735590493348E-02
     239   4.949207290944E-05   8.720043354264E-02
     240   4.859734785691E-05   8.662514023977E-02
     241   4.719123831967E-05   8.569400999531E-02
     242   4.512949280011E-05   8.314630049709E-02
     243   4.300164617380E-05   8.058756901715E-02
     244   3.970601913291E-05   7.663353051445E-02
     245   3.582669520336E-05   7.186009468060E-02
     246   3.050715775090E-05   6.540170455066E-02
     247   2.489410178843E-05   5.781976434489E-02
     248   2.011942463496E-05   5.154257430968E-02
     249   1.485107225543E-05   4.479614107781E-02
     250   9.379151776320E-06   3.795097034410E-02
     251   4.748298303190E-06   3.262032610560E-02
     252  -1.013532722862E-07   2.628143559925E-02
     253  -4.508798898622E-06   2.104500196570E-02
     254  -9.135637962817E-06   1.549347783376E-02
     255  -1.229115726452E-05   1.191529460954E-02
     256  -1.476803636910E-05   9.065486033480E-03
     257  -1.572966564988E-05   8.150142046307E-03
     258  -1.674592497978E-05   7.377737299700E-03
     259  -1.857610232804E-05   5.297910196149E-03
     260  -1.951985149186E-05   4.833580781631E-03
     261  -1.992063118516E-05   4.908031087930E-03
     262  -2.042721499290E-05   4.083828423560E-03
     263  -2.054867867465E-05   3.387295568678E-03
     264  -2.001723076260E-05   3.876035069266E-03
     265  -2.071522879727E-05   2.895671744937E-03
     266  -2.222938517775E-05   1.136075369475E-03
     267  -2.291357037871E-05   2.902886136594E-04
     268  -2.423215267883E-05  -9.619967349125E-04
     269  -2.593673331897E-05  -2.082203363587E-03
     270  -2.841660521959E-05  -3.515278691298E-03
     271  -3.060697002844E-05  -5.364315444140E-03
     272  -3.265174487454E-05  -7.063364605566E-03
     273  -3.503778294688E-05  -8.675293874194E-03
     274  -3.796497501977E-05  -1.099104499947E-02
     275  -4.123907531647E-05  -1.384089913298E-02
     276  -4.400180717262E-05  -1.594266725843E-02
     277  -4.564006288839E-05  -1.751257564942E-02
     278  -4.741993189049E-05  -1.889475989269E-02
     279  -4.825637806576E-05  -1.876615538551E-02
     280  -4.752894177112E-05  -1.683347593045E-02
     281  -4.798984204326E-05  -1.664618840560E-02
     282  -4.871449318512E-05  -1.684490416693E-02
     283  -4.864648647834E-05  -1.597323061560E-02
     284  -4.986118902189E-05  -1.672767821337E-02
     285  -5.129693083287E-05  -1.723041158086E-02
     286  -5.398452844025E-05  -1.917637919718E-02
     287  -5.695259420779E-05  -2.160016240775E-02
     288  -6.016224644520E-05  -2.455073705946E-02
     289  -6.381396939541E-05  -2.831279533157E-02
     290  -6.583998535219E-05  -2.988279339270E-02
     291  -6.683979454820E-05  -2.993220750727E-02
     292  -6.912002927897E-05  -3.184122250719E-02
     293  -7.194743629524E-05  -3.484848991958E-02
     294  -7.651657289309E-05  -4.021581734600E-02
     295  -8.144730627069E-05  -4.631488671735E-02
     296  -8.505448063997E-05  -5.084605973319E-02
     297  -8.958241388721E-05  -5.730400439512E-02
     298  -9.220679722539E-05  -6.162894226111E-02
     299  -9.534978898532E-05  -6.614863494497E-02
     300  -9.788829050388E-05  -6.991752328455E-02
     301  -1.014082564194E-04  -7.493063095785E-02
     302  -1.051290377830E-04  -8.026166250343E-02
     303  -1.075452630838E-04  -8.367323107607E-02
     304  -1.106126575787E-04  -8.781625755435E-02
     305  -1.136830415863E-04  -9.251539598383E-02
     306  -1.159443166302E-04  -9.593028612725E-02
     307  -1.182728415883E-04  -9.972166042503E-02
     308  -1.211328733474E-04  -1.038798797570E-01
     309  -1.230317257781E-04  -1.066843493699E-01
     310  -1.242243492460E-04  -1.085250554556E-01
     311  -1.244851875323E-04  -1.088507468750E-01
     312  -1.240804875368E-04  -1.080981272776E-01
     313  -1.233181067111E-04  -1.066326720686E-01
     314  -1.217147138543E-04  -1.038481500554E-01
     315  -1.200934416728E-04  -1.015600968820E-01
     316  -1.178116842827E-04  -9.837566038183E-02
     317  -1.151067005133E-04  -9.498943343291E-02
     318  -1.119856481444E-04  -9.064070640636E-02
     319  -1.091519775643E-04  -8.693065625299E-02
     320  -1.084638793632E-04  -8.560117531828E-02
     321  -1.085336190594E-04  -8.499203069081E-02
     322  -1.092139102930E-04  -8.507787128226E-02
     323  -1.094732850648E-04  -8.453645687759E-02
     324  -1.104859282843E-04  -8.534256232787E-02
     325  -1.119369873194E-04  -8.718017206961E-02
     326  -1.131847057983E-04  -8.843261311904E-02
     327  -1.127333026835E-04  -8.767611876177E-02
     328  -1.122525781781E-04  -8.710056706064E-02
     329  -1.122059311761E-04  -8.720412758179E-02
     330  -1.123081411449E-04  -8.833484580931E-02
     331  -1.126782450110E-04  -9.002904838922E-02
     332  -1.137506928761E-04  -9.268367578617E-02
     333  -1.138588469631E-04  -9.453843474213E-02
     334  -1.148077780001E-04  -9.675823747613E-02
     335  -1.157917750722E-04  -9.931511229865E-02
     336  -1.163329103241E-04  -1.009465463969E-01
     337  -1.169205402893E-04  -1.019186294337E-01
     338  -1.166368050651E-04  -1.017084120913E-01
     339  -1.170137194432E-04  -1.022481080635E-01
     340  -1.176062626619E-04  -1.030634682829E-01
     341  -1.175637179373E-04  -1.022735111447E-01
     342  -1.170522202445E-04  -1.011489159453E-01
     343  -1.153620806603E-04  -9.850710895268E-02
     344  -1.135394490859E-04  -9.578254852982E-02
     345  -1.097235251045E-04  -9.012073055153E-02
     346  -1.065605547957E-04  -8.443603981583E-02
     347  -1.045558384980E-04  -7.998574116372E-02
     348  -1.015593168486E-04  -7.441365562393E-02
     349  -9.713207057382E-05  -6.784852015418E-02
     350  -9.284193490887E-05  -6.141345377841E-02
     351  -8.853222701138E-05  -5.459780206899E-02
     352  -8.559321485248E-05  -4.977152464769E-02
     353  -8.390467155923E-05  -4.692780675648E-02
     354  -8.233867578791E-05  -4.343160542102E-02
     355  -8.169794791230E-05  -4.144679639998E-02
     356  -8.054698832268E-05  -3.863518870157E-02
     357  -7.926780469677E-05  -3.602236443871E-02
     358  -7.853589861376E-05  -3.463654941145E-02
     359  -7.902847881553E-05  -3.491414007921E-02
     360  -7.988813600974E-05  -3.580813855067E-02
     361  -8.099711558829E-05  -3.710186656286E-02
     362  -8.229240763795E-05  -3.952735917187E-02
     363  -8.415838655019E-05  -4.257835165926E-02
     364  -8.723425691092E-05  -4.717649630904E-02
     365  -9.061086935307E-05  -5.268393466509E-02
     366  -9.298765768963E-05  -5.722105698173E-02
     367  -9.562046478085E-05  -6.186000703966E-02
     368  -9.705000965156E-05  -6.497595846265E-02
     369  -9.755058861052E-05  -6.615926245845E-02
     370  -9.810762757811E-05  -6.803148810309E-02
     371  -9.876994145016E-05  -7.066027902135E-02
     372  -9.919010058670E-05  -7.274156752972E-02
     373  -9.996030714640E-05  -7.484930226185E-02
     374  -1.010798642058E-04  -7.697103553731E-02
     375  -1.033279489702E-04  -8.061689687996E-02
     376  -1.047287264060E-04  -8.374926584935E-02
     377  -1.053498602402E-04  -8.575973103591E-02
     378  -1.063094590393E-04  -8.845505709206E-02
     379  -1.073882451390E-04  -9.081101045016E-02
     380  -1.085733011574E-04  -9.334178784932E-02
     381  -1.104341059706E-04  -9.638427517189E-02
     382  -1.126016569157E-04  -9.967806134163E-02
     383  -1.159980527798E-04  -1.048635546355E-01
     384  -1.188589413933E-04  -1.091113448732E-01
     385  -1.206728847903E-04  -1.128190499243E-01
     386  -1.223988426290E-04  -1.169112532748E-01
     387  -1.248820443418E-04  -1.211467477926E-01
     388  -1.276068737595E-04  -1.254282925616E-01
     389  -1.312609763277E-04  -1.312219763607E-01
     390  -1.345059497124E-04  -1.371336517483E-01
     391  -1.378157468448E-04  -1.433043148856E-01
     392  -1.401898094560E-04  -1.477405920955E-01
     393  -1.416987553102E-04  -1.505773205294E-01
     394  -1.440651199918E-04  -1.543922744978E-01
     395  -1.453232818913E-04  -1.578522820021E-01
     396  -1.460651997442E-04  -1.603519570538E-01
     397  -1.465407415491E-04  -1.624035468287E-01
     398  -1.460083730647E-04  -1.631432271366E-01
     399  -1.455209900564E-04  -1.635030674511E-01
     400  -1.449703972134E-04  -1.633288967558E-01
     401  -1.441182381166E-04  -1.627058152304E-01
     402  -1.433565624932E-04  -1.618187909535E-01
     403  -1.424503043252E-04  -1.607407670431E-01
     404  -1.429676251658E-04  -1.616122634633E-01
     405  -1.436883344090E-04  -1.627738979949E-01
     406  -1.462130172922E-04  -1.661354130227E-01
     407  -1.480455555890E-04  -1.688504904524E-01
     408  -1.497138707960E-04  -1.702467658692E-01
     409  -1.511143938300E-04  -1.715279789727E-01
     410  -1.534113701573E-04  -1.741058639135E-01
     411  -1.558100547019E-04  -1.766353645198E-01
     412  -1.575338038548E-04  -1.783719419653E-01
     413  -1.591725039100E-04  -1.804641503100E-01
     414  -1.623533254845E-04  -1.840151421732E-01
     415  -1.661695561020E-04  -1.884456686540E-01
     416  -1.702740069358E-04  -1.937186741499E-01
     417  -1.741169485053E-04  -1.986659620110E-01
     418  -1.773488240416E-04  -2.027567049524E-01
     419  -1.806797426966E-04  -2.066814853444E-01
     420  -1.827401380329E-04  -2.084814212930E-01
     421  -1.845158371498E-04  -2.101459388067E-01
     422  -1.847381313149E-04  -2.099065674955E-01
     423  -1.841537008199E-04  -2.083186700910E-01
     424  -1.821464756138E-04  -2.044000195296E-01
     425  -1.796563390092E-04  -2.006976344311E-01
     426  -1.783447912039E-04  -1.983434644832E-01
     427  -1.765234960016E-04  -1.957539323799E-01
     428  -1.735516135712E-04  -1.924846653108E-01
     429  -1.707302663558E-04  -1.892418480551E-01
     430  -1.673532663095E-04  -1.855325111840E-01
     431  -1.642843800566E-04  -1.822647441249E-01
     432  -1.601820151112E-04  -1.769724028546E-01
     433  -1.560960126398E-04  -1.710542552576E-01
     434  -1.522433645454E-04  -1.648246854976E-01
     435  -1.495270587247E-04  -1.598427186126E-01
     436  -1.453376548711E-04  -1.531503109109E-01
     437  -1.416531100505E-04  -1.474160812501E-01
     438  -1.388362234115E-04  -1.422889111804E-01
     439  -1.361083330147E-04  -1.369200602118E-01
     440  -1.333251511907E-04  -1.320251580372E-01
     441  -1.314589912670E-04  -1.284995975507E-01
     442  -1.296214874051E-04  -1.248680016914E-01
     443  -1.283716147662E-04  -1.219612653451E-01
     444  -1.285562174491E-04  -1.207903098045E-01
     445  -1.285056720337E-04  -1.192816809710E-01
     446  -1.287300271319E-04  -1.185454085943E-01
     447  -1.300122809636E-04  -1.197571186594E-01
     448  -1.312424999180E-04  -1.212550462376E-01
     449  -1.335492774300E-04  -1.239005626822E-01
     450  -1.357316584129E-04  -1.268301914559E-01
     451  -1.372627833691E-04  -1.290108668954E-01
     452  -1.392683262079E-04  -1.319544533068E-01
     453  -1.415094570925E-04  -1.353929772418E-01
     454  -1.432243982979E-04  -1.381481736103E-01
     455  -1.456784264095E-04  -1.417090079443E-01
     456  -1.475444684831E-04  -1.452340250574E-01
     457  -1.489575502913E-04  -1.481971338086E-01
     458  -1.501823278505E-04  -1.508017516225E-01
     459  -1.514888614343E-04  -1.534866380323E-01
     460  -1.520862091506E-04  -1.552463487094E-01
     461  -1.531039809873E-04  -1.570984813985E-01
     462  -1.543444853643E-04  -1.592785034990E-01
     463  -1.537047129169E-04  -1.590729189148E-01
     464  -1.538886892722E-04  -1.595945435331E-01
     465  -1.556422389838E-04  -1.631640526817E-01
     466  -1.555887304730E-04  -1.647058954719E-01
     467  -1.545000037295E-04  -1.656474892691E-01
     468  -1.552236543091E-04  -1.688043592066E-01
     469  -1.549520843574E-04  -1.706911784577E-01
     470  -1.543787721061E-04  -1.723503718148E-01
     471  -1.546753242531E-04  -1.753507076039E-01
     472  -1.542492231359E-04  -1.772592091400E-01
     473  -1.534661991346E-04  -1.782210444330E-01
     474  -1.529968524260E-04  -1.789026275422E-01
     475  -1.519142133087E-04  -1.789360883928E-01
     476  -1.511795560605E-04  -1.780009400034E-01
     477  -1.512792117830E-04  -1.781876869746E-01
     478  -1.518937049752E-04  -1.797764237139E-01
     479  -1.517480406401E-04  -1.800517097499E-01
     480  -1.513628063707E-04  -1.802412073656E-01
     481  -1.512556012997E-04  -1.803804844263E-01
     482  -1.513861578008E-04  -1.800151924885E-01
     483  -1.528812650290E-04  -1.815414603225E-01
     484  -1.553486685493E-04  -1.838769462028E-01
     485  -1.579256702463E-04  -1.863291932954E-01
     486  -1.588806453818E-04  -1.867231959183E-01
     487  -1.610691033782E-04  -1.885299677217E-01
     488  -1.635141022605E-04  -1.902114084996E-01
     489  -1.642944663776E-04  -1.893405058125E-01
     490  -1.638372262777E-04  -1.865189694481E-01
     491  -1.623011453156E-04  -1.827706554428E-01
     492  -1.601125497519E-04  -1.789461779222E-01
     493  -1.576172562054E-04  -1.747606487436E-01
     494  -1.557062440959E-04  -1.708748674762E-01
     495  -1.517672032635E-04  -1.649539330727E-01
     496  -1.471782539289E-04  -1.571635985209E-01
     497  -1.439022310499E-04  -1.509587268647E-01
     498  -1.416272094005E-04  -1.458286287271E-01
     499  -1.385040492461E-04  -1.404621565267E-01
     500  -1.350021332003E-04  -1.345702402764E-01
     501  -1.312968282365E-04  -1.284257692853E-01
     502  -1.286792977906E-04  -1.238088375725E-01
     503  -1.289206056887E-04  -1.230936849955E-01
     504  -1.292529890353E-04  -1.229344054974E-01
     505  -1.302519131424E-04  -1.235002799952E-01
     506  -1.309506379267E-04  -1.236448564574E-01
     507  -1.311118675979E-04  -1.229695766192E-01
     508  -1.307204796959E-04  -1.218805358441E-01
     509  -1.303695153521E-04  -1.208237456592E-01
     510  -1.294186974588E-04  -1.192870728949E-01
     511  -1.293950899895E-04  -1.184893551060E-01
     512  -1.301324036578E-04  -1.188553454018E-01
     513  -1.312790808461E-04  -1.195043169182E-01
     514  -1.315385880131E-04  -1.186613868753E-01
     515  -1.329332053931E-04  -1.191196434021E-01
     516  -1.340985925337E-04  -1.192082984321E-01
     517  -1.353711744355E-04  -1.199952006514E-01
     518  -1.365189253661E-04  -1.207979018517E-01
     519  -1.365846709906E-04  -1.205388766822E-01
     520  -1.354314759560E-04  -1.185209975895E-01
     521  -1.353814515211E-04  -1.175606508147E-01
     522  -1.352473130998E-04  -1.167946764421E-01
     523  -1.360910009846E-04  -1.178142784230E-01
     524  -1.356755771472E-04  -1.176318913362E-01
     525  -1.342938107195E-04  -1.161123644886E-01
     526  -1.324763151903E-04  -1.147451725160E-01
     527  -1.299280927991E-04  -1.122042579677E-01
     528  -1.273748321108E-04  -1.098398632752E-01
     529  -1.257523564727E-04  -1.082424114965E-01
     530  -1.241183419152E-04  -1.062242792239E-01
     531  -1.219856699470E-04  -1.042399088395E-01
     532  -1.197893344817E-04  -1.018707201484E-01
     533  -1.187642391226E-04  -1.014947041505E-01
     534  -1.171035293485E-04  -1.004222373106E-01
     535  -1.165664167725E-04  -1.010499116014E-01
     536  -1.171887523090E-04  -1.028150250637E-01
     537  -1.190132729549E-04  -1.067976823878E-01
     538  -1.217386321674E-04  -1.124956982722E-01
     539  -1.262263465772E-04  -1.206666825900E-01
     540  -1.293503550383E-04  -1.277238358827E-01
     541  -1.305040099291E-04  -1.322156292635E-01
     542  -1.307503000028E-04  -1.347887820506E-01
     543  -1.315729634423E-04  -1.383851030313E-01
     544  -1.307319747436E-04  -1.393291604553E-01
     545  -1.298212355521E-04  -1.401605274426E-01
     546  -1.292631944655E-04  -1.412661683159E-01
     547  -1.287574136959E-04  -1.424775701254E-01
     548  -1.289039983610E-04  -1.437829285498E-01
     549  -1.290571805971E-04  -1.455681461322E-01
     550  -1.291903427594E-04  -1.468076560345E-01
     551  -1.291646998035E-04  -1.481115042251E-01
     552  -1.266681205329E-04  -1.456179949463E-01
     553  -1.251752385302E-04  -1.442960266689E-01
     554  -1.247089442970E-04  -1.442403895643E-01
     555  -1.244055959443E-04  -1.435511082312E-01
     556  -1.248340772681E-04  -1.443913994195E-01
     557  -1.234067506942E-04  -1.423470428594E-01
     558  -1.247947391786E-04  -1.443421165383E-01
     559  -1.276636206437E-04  -1.491958962232E-01
     560  -1.306480387796E-04  -1.540407997144E-01
     561  -1.315994469979E-04  -1.563748876025E-01
     562  -1.316433060583E-04  -1.572896418555E-01
     563  -1.304087263671E-04  -1.566879020886E-01
     564  -1.272263522438E-04  -1.533276396176E-01
     565  -1.236872166217E-04  -1.496116619721E-01
     566  -1.196209657586E-04  -1.442289445040E-01
     567  -1.162681450748E-04  -1.391929960796E-01
     568  -1.132510342592E-04  -1.347307996198E-01
     569  -1.098339907107E-04  -1.301841297653E-01
     570  -1.044978277140E-04  -1.227976241157E-01
     571  -9.885785170943E-05  -1.143534190052E-01
     572  -9.311552564285E-05  -1.056570566841E-01
     573  -8.778185098867E-05  -9.758478438495E-02
     574  -8.350186520530E-05  -9.138826529007E-02
     575  -7.877631245453E-05  -8.388318639866E-02
     576  -7.487697718686E-05  -7.746213259978E-02
     577  -7.098074979041E-05  -7.150885819512E-02
     578  -6.692778540742E-05  -6.643099807256E-02
     579  -6.212011612000E-05  -6.069043581092E-02
     580  -5.807205790175E-05  -5.599344272392E-02
     581  -5.368528530762E-05  -5.164095365259E-02
     582  -4.822650739112E-05  -4.597525221630E-02
     583  -4.295026896815E-05  -4.071767601216E-02
     584  -3.786115668486E-05  -3.523308359186E-02
     585  -3.404802679957E-05  -3.113044103012E-02
     586  -2.903023463416E-05  -2.532888097124E-02
     587  -2.451414122084E-05  -2.093003561039E-02
     588  -1.999033346754E-05  -1.673795846398E-02
     589  -1.675912524921E-05  -1.493885196662E-02
     590  -1.480930062133E-05  -1.470987720342E-02
     591  -1.311948915141E-05  -1.480204987691E-02
     592  -1.163276257710E-05  -1.538025437873E-02
     593  -1.278331734024E-05  -1.900310230436E-02
     594  -1.333590129942E-05  -2.203127637943E-02
     595  -1.384086286654E-05  -2.565529734686E-02
     596  -1.355818432909E-05  -2.824391797010E-02
     597  -1.362708746093E-05  -3.062765218066E-02
     598  -1.197830900608E-05  -3.059660324415E-02
     599  -1.143501451914E-05  -3.202959014724E-02
     600  -9.888561982029E-06  -3.231854482178E-02
     601  -8.492010680008E-06  -3.369194059628E-02
     602  -6.434354691175E-06  -3.314104154887E-02
     603  -5.192060871294E-06  -3.295053216708E-02
     604  -4.662285150668E-06  -3.340162842980E-02
     605  -3.505676998042E-06  -3.269376715543E-02
     606  -3.289321278733E-06  -3.247094000496E-02
     607  -2.988835136077E-06  -3.193419683630E-02
     608  -3.566142345772E-06  -3.289156806109E-02
     609  -3.806220775944E-06  -3.268604571016E-02
     610  -3.808701770923E-06  -3.220855992331E-02
     611  -4.028151755191E-06  -3.149718902548E-02
     612  -3.918823154713E-06  -3.049687671538E-02
     613  -4.407814368374E-06  -3.067804277063E-02
     614  -4.903768515731E-06  -3.086225569840E-02
     615  -6.094737908611E-06  -3.177491575826E-02
     616  -8.834718113347E-06  -3.505458081889E-02
     617  -1.106945439594E-05  -3.798303247316E-02
     618  -1.259044327644E-05  -3.917740301811E-02
     619  -1.569453257836E-05  -4.295943174696E-02
     620  -1.868626432131E-05  -4.651668393245E-02
     621  -2.069598897755E-05  -4.872411054214E-02
     622  -2.240491650633E-05  -5.031733580510E-02
     623  -2.451733839142E-05  -5.225750994575E-02
     624  -2.611913761840E-05  -5.365600596033E-02
     625  -2.755256088318E-05  -5.508948301340E-02
     626  -3.072676953118E-05  -5.901389593389E-02
     627  -3.336204422997E-05  -6.223751805209E-02
     628  -3.611666205688E-05  -6.618079563808E-02
     629  -3.774461615881E-05  -6.962083592859E-02
     630  -3.923155996715E-05  -7.227642415575E-02
     631  -3.967293521889E-05  -7.387367030234E-02
     632  -4.071604866436E-05  -7.620258347567E-02
     633  -4.124855794562E-05  -7.875536834366E-02
     634  -4.154269544726E-05  -8.161753736951E-02
     635  -4.189627022701E-05  -8.481251781369E-02
     636  -4.124189859104E-05  -8.582031430852E-02
     637  -3.944471728298E-05  -8.502991587081E-02
     638  -3.635673796661E-05  -8.125048794234E-02
     639  -3.396052704593E-05  -7.790872158816E-02
     640  -3.190477556668E-05  -7.434234285786E-02
     641  -2.973096942795E-05  -7.061433217794E-02
     642  -2.826035688060E-05  -6.742420242083E-02
     643  -2.705487926894E-05  -6.452718648160E-02
     644  -2.544568509083E-05  -6.124417700043E-02
     645  -2.417662987210E-05  -5.858875348039E-02
     646  -2.416492100217E-05  -5.807427034528E-02
     647  -2.587304254400E-05  -6.049576170246E-02
     648  -2.680130457940E-05  -6.232054085724E-02
     649  -2.878623665815E-05  -6.514771483789E-02
     650  -2.999740821010E-05  -6.741096819107E-02
     651  -3.106459695134E-05  -7.013587797290E-02
     652  -3.204103958260E-05  -7.257681459842E-02
     653  -3.383394661359E-05  -7.572719209727E-02
     654  -3.379674373703E-05  -7.658073403041E-02
     655  -3.263135421280E-05  -7.542319008334E-02
     656  -3.158538085225E-05  -7.416183966221E-02
     657  -3.047391096047E-05  -7.331914650253E-02
     658  -2.801453415613E-05  -7.142174777756E-02
     659  -2.593778992016E-05  -6.946921003108E-02
     660  -2.370187624758E-05  -6.709207021021E-02
     661  -2.229406944654E-05  -6.554110534313E-02
     662  -2.022544105629E-05  -6.372308900837E-02
     663  -1.791002461880E-05  -6.116338817459E-02
     664  -1.531439904740E-05  -5.900370872471E-02
     665  -1.220080661783E-05  -5.572461237510E-02
     666  -9.575540928883E-06  -5.362192201805E-02
     667  -7.153987032091E-06  -5.150687475978E-02
     668  -5.672434488470E-06  -5.005557943240E-02
     669  -3.165822897100E-06  -4.716118394215E-02
     670  -2.672066683176E-07  -4.364273114833E-02
     671   1.115350481289E-06  -4.257157284890E-02
     672   1.735883073388E-06  -4.168599774327E-02
     673   2.099816420045E-06  -4.042137572595E-02
     674   2.061753926669E-06  -3.955533227050E-02
     675   3.786273823618E-06  -3.616700399324E-02
     676   6.173268694716E-06  -3.291063653911E-02
     677   8.506775115193E-06  -2.968260128611E-02
     678   1.046676870376E-05  -2.703451889182E-02
     679   1.130005451942E-05  -2.558618918402E-02
     680   1.281716782852E-05  -2.270080800527E-02
     681   1.462908288044E-05  -1.897392885319E-02
     682   1.627038411895E-05  -1.615930871416E-02
     683   1.854015718922E-05  -1.268878288233E-02
     684   1.974938872112E-05  -1.041830546680E-02
     685   2.102429560313E-05  -8.394340595124E-03
     686   2.383695273757E-05  -4.953721395567E-03
     687   2.512586861775E-05  -3.902263063699E-03
     688   2.648865476543E-05  -2.283772840797E-03
     689   2.858755275021E-05  -7.705239984085E-04
     690   3.052965800883E-05   2.612234645452E-04
     691   3.305071674898E-05   1.710116416559E-03
     692   3.658006557370E-05   4.630349129060E-03
     693   3.792777750899E-05   4.718491107494E-03
     694   4.030178224936E-05   6.933255954679E-03
     695   4.229998586524E-05   8.001078863556E-03
     696   4.386178454335E-05   8.804168148250E-03
     697   4.456336582975E-05   7.984708901150E-03
     698   4.307228900371E-05   3.714588109033E-03
     699   4.086908418942E-05  -5.898550953694E-04
     700   3.830571667884E-05  -5.325550094477E-03
     701   3.700285901965E-05  -8.889162908314E-03
     702   3.409749491157E-05  -1.456588271706E-02
     703   3.203440089906E-05  -1.905126106406E-02
     704   3.084982595839E-05  -2.115756545705E-02
     705   2.908436047109E-05  -2.411460333022E-02
     706   2.825737477317E-05  -2.551388219494E-02
     707   2.706587835497E-05  -2.675527983991E-02
     708   2.731192008949E-05  -2.677830049262E-02
     709   2.712414848855E-05  -2.816226482172E-02
     710   2.666572675462E-05  -3.005936395964E-02
     711   2.594953828191E-05  -3.271495370422E-02
     712   2.623896806697E-05  -3.370372254974E-02
     713   2.659455912789E-05  -3.554785418498E-02
     714   2.676723067187E-05  -3.661769663763E-02
     715   2.567874519727E-05  -3.890721311674E-02
     716   2.388215132149E-05  -4.202599387723E-02
     717   2.380341256056E-05  -4.242811345716E-02
     718   2.339100569580E-05  -4.216550147810E-02
     719   2.209520763864E-05  -4.280957468150E-02
     720   2.134554336025E-05  -4.255180306164E-02
     721   1.937086064248E-05  -4.458200978516E-02
     722   1.836129465508E-05  -4.581928203131E-02
     723   1.766037838478E-05  -4.642129898930E-02
     724   1.664337762870E-05  -4.689030855834E-02
     725   1.505314239820E-05  -4.779442528896E-02
     726   1.336950761367E-05  -4.871082035961E-02
     727   1.023858876977E-05  -5.086744767314E-02
     728   7.844935963913E-06  -5.209696775779E-02
     729   6.206401735680E-06  -5.421873902932E-02
     730   5.594316485433E-06  -5.468311427190E-02
     731   5.276289839734E-06  -5.433639070611E-02
     732   3.751358233305E-06  -5.573657707209E-02
     733   3.257372272985E-06  -5.500145615354E-02
     734   4.667674984219E-06  -5.264083961865E-02
     735   6.901342155382E-06  -4.901410848339E-02
     736   8.469506044393E-06  -4.562758877540E-02
     737   1.057878224034E-05  -4.134607046581E-02
     738   1.143751092079E-05  -3.951338142774E-02
     739   1.104390161453E-05  -3.995274064702E-02
     740   9.218337143118E-06  -4.150298572828E-02
     741   5.843683010442E-06  -4.518303996907E-02
     742   1.825295667889E-06  -5.003174381667E-02
     743  -2.677217597331E-06  -5.441164900951E-02
     744  -8.787890170010E-06  -6.074964861103E-02
     745  -1.391840321099E-05  -6.629906478594E-02
     746  -1.686153197496E-05  -6.956512093211E-02
     747  -1.906572418019E-05  -7.289067107904E-02
     748  -2.060032687748E-05  -7.570887162114E-02
     749  -2.344378890324E-05  -7.989024511682E-02
     750  -2.582102592118E-05  -8.312375556828E-02
     751  -2.813808704130E-05  -8.546639914667E-02
     752  -3.098857109601E-05  -8.867173639189E-02
     753  -3.450244681986E-05  -9.244954797291E-02
     754  -3.759112412745E-05  -9.519274428692E-02
     755  -4.103130149511E-05  -9.834046265635E-02
     756  -4.520978821095E-05  -1.016880085313E-01
     757  -4.887603465621E-05  -1.038207923972E-01
     758  -5.189643426679E-05  -1.052912153537E-01
     759  -5.429961181830E-05  -1.054641700655E-01
     760  -5.652707700917E-05  -1.052169782220E-01
     761  -6.064034830708E-05  -1.073605295028E-01
     762  -6.539166195756E-05  -1.097664635490E-01
     763  -6.787404932793E-05  -1.091226942735E-01
     764  -7.084289668616E-05  -1.097802091021E-01
     765  -7.538159835055E-05  -1.123815129228E-01
     766  -8.086374663111E-05  -1.167995408919E-01
     767  -8.709586380990E-05  -1.230302646820E-01
     768  -9.553498170451E-05  -1.321636310814E-01
     769  -1.039263780689E-04  -1.409321919448E-01
     770  -1.115845353690E-04  -1.480686420234E-01
     771  -1.172700650428E-04  -1.540754385013E-01
     772  -1.233414893251E-04  -1.605103821464E-01
     773  -1.262920763600E-04  -1.633890151557E-01
     774  -1.297350952571E-04  -1.673980579646E-01
     775  -1.337752394366E-04  -1.722636099189E-01
     776  -1.370831331088E-04  -1.761771742526E-01
     777  -1.418239454576E-04  -1.819690157122E-01
     778  -1.450173680817E-04  -1.860998974559E-01
     779  -1.504110655664E-04  -1.931523544737E-01
     780  -1.534407554790E-04  -1.967023390501E-01
     781  -1.538092550632E-04  -1.972927766911E-01
     782  -1.538184270975E-04  -1.971978960801E-01
     783  -1.514915696070E-04  -1.935131151568E-01
     784  -1.499600340482E-04  -1.901380281651E-01
     785  -1.476371122028E-04  -1.854721572866E-01
     786  -1.457600462348E-04  -1.813296392063E-01
     787  -1.449130789523E-04  -1.781047989099E-01
     788  -1.440161904853E-04  -1.738353530731E-01
     789  -1.427030720352E-04  -1.696232519375E-01
     790  -1.413942408945E-04  -1.647840109244E-01
     791  -1.420746851092E-04  -1.627594962458E-01
     792  -1.427094365929E-04  -1.603604925756E-01
     793  -1.426700238168E-04  -1.568423599378E-01
     794  -1.431371832569E-04  -1.534222955776E-01
     795  -1.445161819771E-04  -1.502918638331E-01
     796  -1.470169917699E-04  -1.487300092470E-01
     797  -1.497688397119E-04  -1.479769519834E-01
     798  -1.526292338294E-04  -1.484656366109E-01
     799  -1.570759964951E-04  -1.511555755616E-01
     800  -1.608061031902E-04  -1.539039633870E-01
     801  -1.662291281029E-04  -1.586658818802E-01
     802  -1.723204038879E-04  -1.641148343962E-01
     803  -1.786173431302E-04  -1.697003596010E-01
     804  -1.850970399232E-04  -1.764798166894E-01
     805  -1.915009580307E-04  -1.829459130469E-01
     806  -1.976043316826E-04  -1.887934567724E-01
     807  -2.047982399351E-04  -1.964084086724E-01
     808  -2.096825538193E-04  -2.013161333198E-01
     809  -2.162097080933E-04  -2.091808599978E-01
     810  -2.221942060642E-04  -2.169984299675E-01
     811  -2.268633378576E-04  -2.244710733495E-01
     812  -2.311250396684E-04  -2.303015809360E-01
     813  -2.335866093208E-04  -2.330857498491E-01
     814  -2.362813308276E-04  -2.355509196986E-01
     815  -2.370467867105E-04  -2.356647670361E-01
     816  -2.390350941460E-04  -2.368591516257E-01
     817  -2.428101576993E-04  -2.402768651712E-01
     818  -2.426734530974E-04  -2.383226570505E-01
     819  -2.455745060996E-04  -2.406269555663E-01
     820  -2.462989450478E-04  -2.404669476370E-01
     821  -2.487992867882E-04  -2.416901852032E-01
     822  -2.524650831942E-04  -2.449218734438E-01
     823  -2.558573502163E-04  -2.477179441862E-01
     824  -2.595988899831E-04  -2.509518046110E-01
     825  -2.618191942434E-04  -2.525825822155E-01
     826  -2.647238455103E-04  -2.551746016575E-01
     827  -2.644467768444E-04  -2.536155188370E-01
     828  -2.633710465974E-04  -2.513664260403E-01
     829  -2.636454757522E-04  -2.517571536188E-01
     830  -2.618884089510E-04  -2.502614516997E-01
     831  -2.613507674023E-04  -2.503205297668E-01
     832  -2.605679413787E-04  -2.495141204546E-01
     833  -2.586072390650E-04  -2.468020441032E-01
     834  -2.583010175924E-04  -2.461512667596E-01
     835  -2.583820893392E-04  -2.467070922740E-01
     836  -2.579771374082E-04  -2.461767891700E-01
     837  -2.568356646240E-04  -2.445362231066E-01
     838  -2.566227976033E-04  -2.446014253479E-01
     839  -2.572609454520E-04  -2.451309170586E-01
     840  -2.598674890920E-04  -2.467690481796E-01
     841  -2.632794666174E-04  -2.494191305441E-01
     842  -2.670248915756E-04  -2.521117069166E-01
     843  -2.686258414479E-04  -2.524737764614E-01
     844  -2.700034898338E-04  -2.534978864952E-01
     845  -2.703683739292E-04  -2.531955406689E-01
     846  -2.670872970277E-04  -2.479849847622E-01
     847  -2.641354812290E-04  -2.415027513677E-01
     848  -2.597895046178E-04  -2.329676908727E-01
     849  -2.564785964944E-04  -2.248724154334E-01
     850  -2.551979133686E-04  -2.184880359547E-01
     851  -2.526701704790E-04  -2.110120504672E-01
     852  -2.519113127540E-04  -2.057742470842E-01
     853  -2.517344723925E-04  -2.011822381192E-01
     854  -2.529630207048E-04  -1.992568568286E-01
     855  -2.561676102399E-04  -2.004103490860E-01
     856  -2.596224137999E-04  -2.016109863447E-01
     857  -2.643880667067E-04  -2.044374702423E-01
     858  -2.685956955436E-04  -2.071089620403E-01
     859  -2.695089761355E-04  -2.061294770055E-01
     860  -2.713320609681E-04  -2.053628097448E-01
     861  -2.729164184844E-04  -2.054745117136E-01
     862  -2.752788761522E-04  -2.079506551874E-01
     863  -2.778105127062E-04  -2.108237975456E-01
     864  -2.778494711950E-04  -2.123247197650E-01
     865  -2.792056472071E-04  -2.145320241768E-01
     866  -2.806052108309E-04  -2.156388039448E-01
     867  -2.838398140651E-04  -2.205755761964E-01
     868  -2.861474973841E-04  -2.240421815273E-01
     869  -2.877807428763E-04  -2.265325034963E-01
     870  -2.894142100297E-04  -2.293859895982E-01
     871  -2.875380150581E-04  -2.278265849553E-01
     872  -2.845435549089E-04  -2.257565241654E-01
     873  -2.806231026816E-04  -2.227534609130E-01
     874  -2.789806792571E-04  -2.235917437953E-01
     875  -2.774429644082E-04  -2.238107406871E-01
     876  -2.733645401411E-04  -2.203106262261E-01
     877  -2.692689885469E-04  -2.171288655147E-01
     878  -2.675014528986E-04  -2.144718984845E-01
     879  -2.645334509352E-04  -2.104270162882E-01
     880  -2.640813024639E-04  -2.098870284804E-01
     881  -2.632255396157E-04  -2.093910806832E-01
     882  -2.618137129085E-04  -2.080713986419E-01
     883  -2.604448380807E-04  -2.062007440188E-01
     884  -2.597040151419E-04  -2.042942159116E-01
     885  -2.591859154237E-04  -2.025781156206E-01
     886  -2.595290876192E-04  -2.016874481521E-01
     887  -2.603676216787E-04  -2.009305453465E-01
     888  -2.642321355631E-04  -2.035989409905E-01
     889  -2.689420421421E-04  -2.056906706333E-01
     890  -2.748488025158E-04  -2.099113337239E-01
     891  -2.808115160464E-04  -2.139169093969E-01
     892  -2.886049238210E-04  -2.210241001095E-01
     893  -2.980156594388E-04  -2.304388292518E-01
     894  -3.055942353949E-04  -2.375819511819E-01
     895  -3.129595397200E-04  -2.448859107778E-01
     896  -3.198679632511E-04  -2.511238344749E-01
     897  -3.247444697194E-04  -2.566991191610E-01
     898  -3.259276981789E-04  -2.571650088856E-01
     899  -3.271639968645E-04  -2.569062317164E-01
     900  -3.235930780809E-04  -2.502162838049E-01
     901  -3.215796638214E-04  -2.459481191587E-01
     902  -3.168839257684E-04  -2.385974635856E-01
     903  -3.092659156059E-04  -2.281437319657E-01
     904  -3.032076885574E-04  -2.198697873729E-01
     905  -2.985124925886E-04  -2.136969031731E-01
     906  -2.940063670280E-04  -2.079563886591E-01
     907  -2.917053631351E-04  -2.055495296778E-01
     908  -2.875120525792E-04  -1.998110248356E-01
     909  -2.836994491632E-04  -1.947671309717E-01
     910  -2.826446120550E-04  -1.926216780824E-01
     911  -2.839337996692E-04  -1.955248996847E-01
     912  -2.863274233023E-04  -2.004742463782E-01
     913  -2.910285762505E-04  -2.083934095982E-01
     914  -2.972099951171E-04  -2.177528418629E-01
     915  -3.013965709248E-04  -2.253926429092E-01
     916  -3.042964915657E-04  -2.310051009125E-01
     917  -3.102043109669E-04  -2.412846498445E-01
     918  -3.166954293203E-04  -2.519454883733E-01
     919  -3.204738564438E-04  -2.605171221875E-01
     920  -3.254710749724E-04  -2.713293125073E-01
     921  -3.267935194104E-04  -2.761714253152E-01
     922  -3.289648336852E-04  -2.825318586633E-01
     923  -3.304196498132E-04  -2.875657062776E-01
     924  -3.310480933403E-04  -2.913113680457E-01
     925  -3.310020236007E-04  -2.919014155843E-01
     926  -3.314376280571E-04  -2.916015426652E-01
     927  -3.299300471311E-04  -2.889358368365E-01
     928  -3.285835585504E-04  -2.863169989172E-01
     929  -3.232731417675E-04  -2.785109129271E-01
     930  -3.183017580288E-04  -2.702909451403E-01
     931  -3.154413634286E-04  -2.640618957003E-01
     932  -3.139954792569E-04  -2.597616888674E-01
     933  -3.126046986826E-04  -2.552605952846E-01
     934  -3.119862096313E-04  -2.505976406384E-01
     935  -3.132610418741E-04  -2.488540970151E-01
     936  -3.125528638224E-04  -2.449677056094E-01
     937  -3.108301560587E-04  -2.405779093969E-01
     938  -3.090772712430E-04  -2.365610095723E-01
     939  -3.074655681778E-04  -2.322393483578E-01
     940  -3.058414097969E-04  -2.283159179589E-01
     941  -3.030606742877E-04  -2.240900604986E-01
     942  -3.006162476541E-04  -2.212159280817E-01
     943  -3.013062373164E-04  -2.209673187268E-01
     944  -3.034256768578E-04  -2.223134493156E-01
     945  -3.026855979999E-04  -2.194573925260E-01
     946  -3.037280189400E-04  -2.188142687042E-01
     947  -3.063324119428E-04  -2.204291734220E-01
     948  -3.100076144242E-04  -2.226602553707E-01
     949  -3.107354097020E-04  -2.237416168335E-01
     950  -3.092508324012E-04  -2.230188793094E-01
     951  -3.069459798044E-04  -2.211116872208E-01
     952  -3.048404614372E-04  -2.201013153304E-01
     953  -3.004651216585E-04  -2.165015585437E-01
     954  -2.935808533462E-04  -2.099089271395E-01
     955  -2.867118364600E-04  -2.050840436897E-01
     956  -2.798022924423E-04  -2.002242565644E-01
     957  -2.732893977998E-04  -1.955469505407E-01
     958  -2.649345999283E-04  -1.888654702315E-01
     959  -2.571247962379E-04  -1.815267030186E-01
     960  -2.479954054313E-04  -1.714723930204E-01
     961  -2.399519203895E-04  -1.607499637884E-01
     962  -2.357795671519E-04  -1.565055713345E-01
     963  -2.294510696166E-04  -1.497473719689E-01
     964  -2.262018281509E-04  -1.478712591092E-01
     965  -2.235560654812E-04  -1.470811428232E-01
     966  -2.228545576386E-04  -1.481989371733E-01
     967  -2.231407966048E-04  -1.507902273357E-01
     968  -2.239213479006E-04  -1.556860297600E-01
     969  -2.226293514554E-04  -1.575786086382E-01
     970  -2.251962293666E-04  -1.644208275324E-01
     971  -2.291404361381E-04  -1.734496737148E-01
     972  -2.350615416980E-04  -1.840235463879E-01
     973  -2.418951936949E-04  -1.951192402731E-01
     974  -2.488953467486E-04  -2.063174524767E-01
     975  -2.547502137768E-04  -2.151470205352E-01
     976  -2.656169315139E-04  -2.291339633808E-01
     977  -2.742808096194E-04  -2.403400886733E-01
     978  -2.812077804507E-04  -2.501069065181E-01
     979  -2.889210521490E-04  -2.607497980927E-01
     980  -2.976640530982E-04  -2.725097438887E-01
     981  -3.038697982735E-04  -2.820418611878E-01
     982  -3.073403163480E-04  -2.884113020820E-01
     983  -3.113491783421E-04  -2.966991302981E-01
     984  -3.153228770519E-04  -3.043637552931E-01
     985  -3.216358284176E-04  -3.158695731893E-01
     986  -3.273786803868E-04  -3.264051780161E-01
     987  -3.348569872501E-04  -3.384840911557E-01
     988  -3.447581005285E-04  -3.526142840323E-01
     989  -3.570496089310E-04  -3.696530077061E-01
     990  -3.670858210053E-04  -3.842265605275E-01
     991  -3.746640420501E-04  -3.954805669357E-01
     992  -3.845243386312E-04  -4.081036956130E-01
     993  -3.940684909208E-04  -4.197212008003E-01
     994  -4.021679462713E-04  -4.308124274285E-01
     995  -4.097474179412E-04  -4.408944579278E-01
     996  -4.153468585571E-04  -4.487273643641E-01
     997  -4.205215259657E-04  -4.551322334926E-01
     998  -4.254585682477E-04  -4.608183887325E-01
     999  -4.269906677909E-04  -4.622660160513E-01
    1000  -4.261450788005E-04  -4.618027583920E-01
