# lag   C(lag)   C_norm(lag)
       0   3.830623672019E+02   1.000000000000E+00
       1   3.593110961612E+02   9.379963340846E-01
       2   2.986887853846E+02   7.797393086833E-01
       3   2.248922630024E+02   5.870904642634E-01
       4   1.591541020996E+02   4.154783025598E-01
       5   1.121442429881E+02   2.927571398027E-01
       6   8.463833134453E+01   2.209518308018E-01
       7   7.193861515475E+01   1.877987015019E-01
       8   6.811815983880E+01   1.778252464119E-01
       9   6.847484834263E+01   1.787563963613E-01
      10   7.025346220232E+01   1.833995406949E-01
      11   7.235798500806E+01   1.888934836815E-01
      12   7.460379144662E+01   1.947562533787E-01
      13   7.697156775682E+01   2.009374304218E-01
      14   7.928850311538E+01   2.069858850781E-01
      15   8.128349731515E+01   2.121938991525E-01
      16   8.266157678924E+01   2.157914320664E-01
      17   8.315938994845E+01   2.170909937092E-01
      18   8.263713545992E+01   2.157276269751E-01
      19   8.115146992531E+01   2.118492362434E-01
      20   7.894122118056E+01   2.060792913624E-01
      21   7.625203750742E+01   1.990590672334E-01
      22   7.312166679529E+01   1.908871062679E-01
      23   6.939676836119E+01   1.811631063320E-01
      24   6.505812313178E+01   1.698368952476E-01
      25   6.058805116200E+01   1.581675892742E-01
      26   5.686508442520E+01   1.484486321133E-01
      27   5.455768872724E+01   1.424250811317E-01
      28   5.364885566778E+01   1.400525352038E-01
      29   5.353203135568E+01   1.397475605518E-01
      30   5.353606129010E+01   1.397580808607E-01
      31   5.340473192325E+01   1.394152401692E-01
      32   5.324035709718E+01   1.389861329529E-01
      33   5.308618262445E+01   1.385836541768E-01
      34   5.278163700355E+01   1.377886253591E-01
      35   5.219207965281E+01   1.362495617464E-01
      36   5.141242786800E+01   1.342142488273E-01
      37   5.073533448816E+01   1.324466688251E-01
      38   5.044595600212E+01   1.316912344342E-01
      39   5.061827978873E+01   1.321410927376E-01
      40   5.112500326568E+01   1.334639151299E-01
      41   5.180349351373E+01   1.352351417137E-01
      42   5.252396505908E+01   1.371159621937E-01
      43   5.309339648322E+01   1.386024862506E-01
      44   5.323341593385E+01   1.389680127617E-01
      45   5.270917344539E+01   1.375994562724E-01
      46   5.145150655465E+01   1.343162653395E-01
      47   4.959821517771E+01   1.294781722882E-01
      48   4.749202575823E+01   1.239798785381E-01
      49   4.566099917431E+01   1.191999086411E-01
      50   4.468465571742E+01   1.166511240554E-01
      51   4.487627313292E+01   1.171513491673E-01
      52   4.600780745595E+01   1.201052658658E-01
      53   4.737528624315E+01   1.236751252523E-01
      54   4.812101808081E+01   1.256218887601E-01
      55   4.754935823961E+01   1.241295473292E-01
      56   4.533080530676E+01   1.183379240250E-01
      57   4.169681899319E+01   1.088512539035E-01
      58   3.764976942946E+01   9.828626524833E-02
      59   3.471468675736E+01   9.062411171042E-02
      60   3.405143670876E+01   8.889267029150E-02
      61   3.569567391666E+01   9.318501887148E-02
      62   3.863383904059E+01   1.008552192762E-01
      63   4.142953303642E+01   1.081534929652E-01
      64   4.281617720049E+01   1.117733843532E-01
      65   4.212445493770E+01   1.099676150529E-01
      66   3.951960540943E+01   1.031675486634E-01
      67   3.595695941475E+01   9.386711536661E-02
      68   3.278241079618E+01   8.557982616679E-02
      69   3.105996034036E+01   8.108329869947E-02
      70   3.093105413924E+01   8.074678378139E-02
      71   3.142845794419E+01   8.204527678812E-02
      72   3.100356684575E+01   8.093608117190E-02
      73   2.858558936056E+01   7.462385190527E-02
      74   2.446466342086E+01   6.386600594458E-02
      75   2.026849406902E+01   5.291173397447E-02
      76   1.794968228617E+01   4.685838083571E-02
      77   1.856483254137E+01   4.846425577375E-02
      78   2.176143306146E+01   5.680911236574E-02
      79   2.614479732766E+01   6.825206432736E-02
      80   3.006417009999E+01   7.848374748893E-02
      81   3.233044863611E+01   8.439996043534E-02
      82   3.256207192352E+01   8.500462251452E-02
      83   3.101799524298E+01   8.097374709385E-02
      84   2.815813403557E+01   7.350796227061E-02
      85   2.439968931431E+01   6.369638837806E-02
      86   2.016074730680E+01   5.263045663834E-02
      87   1.597171430086E+01   4.169481439153E-02
      88   1.246241508958E+01   3.253364505788E-02
      89   1.024337354098E+01   2.674074620225E-02
      90   9.799795961909E+00   2.558276876293E-02
      91   1.126895085025E+01   2.941805777624E-02
      92   1.411662848370E+01   3.685203688061E-02
      93   1.715141631482E+01   4.477447482014E-02
      94   1.903634765775E+01   4.969516529854E-02
      95   1.886928618420E+01   4.925904447893E-02
      96   1.654459433701E+01   4.319034119132E-02
      97   1.290494129709E+01   3.368887784867E-02
      98   9.436887797013E+00   2.463538213358E-02
      99   7.390644741130E+00   1.929358082110E-02
     100   7.043348893284E+00   1.838695078489E-02
     101   7.835057636134E+00   2.045373888687E-02
     102   9.072725092570E+00   2.368472047735E-02
     103   1.043163384530E+01   2.723220743791E-02
     104   1.198676524195E+01   3.129194164780E-02
     105   1.404691862586E+01   3.667005644139E-02
     106   1.706188351841E+01   4.454074578780E-02
     107   2.145874481821E+01   5.601893230849E-02
     108   2.719402029169E+01   7.099110385165E-02
     109   3.339303104448E+01   8.717387533629E-02
     110   3.865979011943E+01   1.009229656304E-01
     111   4.187639672590E+01   1.093200489304E-01
     112   4.272367737754E+01   1.115319097765E-01
     113   4.167946998693E+01   1.088059636121E-01
     114   3.968031118264E+01   1.035870776670E-01
     115   3.754997737863E+01   9.802575401211E-02
     116   3.562606602280E+01   9.300330461337E-02
     117   3.393979295067E+01   8.860121968803E-02
     118   3.247701422604E+01   8.478257591125E-02
     119   3.111924659357E+01   8.123806789187E-02
     120   2.962318540322E+01   7.733253887508E-02
     121   2.788862058436E+01   7.280438636684E-02
     122   2.611686092433E+01   6.817913520220E-02
     123   2.464836080823E+01   6.434555549864E-02
     124   2.375792911771E+01   6.202104709803E-02
     125   2.357764271725E+01   6.155040206502E-02
     126   2.404764538950E+01   6.277736329244E-02
     127   2.493646807254E+01   6.509767131312E-02
     128   2.596037255305E+01   6.777061589913E-02
     129   2.685376968917E+01   7.010286571695E-02
     130   2.736853385411E+01   7.144667865450E-02
     131   2.728469109377E+01   7.122780369440E-02
     132   2.638861485633E+01   6.888855997284E-02
     133   2.447013214018E+01   6.388028226035E-02
     134   2.154936243114E+01   5.625549329877E-02
     135   1.819661379711E+01   4.750300565944E-02
     136   1.546163744446E+01   4.036323786489E-02
     137   1.428924004423E+01   3.730264642963E-02
     138   1.495535493669E+01   3.904156664078E-02
     139   1.708071005663E+01   4.458989323695E-02
     140   2.009215453638E+01   5.245139240156E-02
     141   2.348733348826E+01   6.131464612362E-02
     142   2.672752852004E+01   6.977330797403E-02
     143   2.919544652441E+01   7.621590901156E-02
     144   3.043135800740E+01   7.944230656143E-02
     145   3.041982129679E+01   7.941218950584E-02
     146   2.966303590826E+01   7.743657025079E-02
     147   2.899225063586E+01   7.568545782150E-02
     148   2.909865570410E+01   7.596323261053E-02
     149   2.993417819384E+01   7.814439829339E-02
     150   3.058621162134E+01   7.984655826351E-02
     151   2.996717188031E+01   7.823052966338E-02
     152   2.778524079162E+01   7.253450918339E-02
     153   2.490286398904E+01   6.500994647673E-02
     154   2.272546826182E+01   5.932576574363E-02
     155   2.219395386613E+01   5.793822564261E-02
     156   2.324472187080E+01   6.068129855876E-02
     157   2.505216154813E+01   6.539969387002E-02
     158   2.666065214466E+01   6.959872445682E-02
     159   2.738386321255E+01   7.148669657261E-02
     160   2.690070495586E+01   7.022539215312E-02
     161   2.539967058825E+01   6.630688045339E-02
     162   2.354838412283E+01   6.147402130583E-02
     163   2.194038727618E+01   5.727627967332E-02
     164   2.058616703217E+01   5.374103225681E-02
     165   1.908071240704E+01   4.981098129377E-02
     166   1.726411669326E+01   4.506868377430E-02
     167   1.571152342012E+01   4.101557543980E-02
     168   1.544598523831E+01   4.032237713963E-02
     169   1.707006081243E+01   4.456209294877E-02
     170   2.029668875068E+01   5.298533734581E-02
     171   2.425795520677E+01   6.332638568483E-02
     172   2.795665060649E+01   7.298198152615E-02
     173   3.060499951803E+01   7.989560483737E-02
     174   3.208123635330E+01   8.374938156322E-02
     175   3.308358901225E+01   8.636606423625E-02
     176   3.453686589469E+01   9.015990306478E-02
     177   3.672925434817E+01   9.588322292388E-02
     178   3.889422837032E+01   1.015349762871E-01
     179   3.956138003362E+01   1.032766030310E-01
     180   3.749500838872E+01   9.788225521239E-02
     181   3.264833397634E+01   8.522981313676E-02
     182   2.647429764579E+01   6.911223840435E-02
     183   2.127529286231E+01   5.554002346332E-02
     184   1.888162378974E+01   4.929125230355E-02
     185   1.952104055826E+01   5.096047596858E-02
     186   2.180736347859E+01   5.692901560100E-02
     187   2.388819885343E+01   6.236112157903E-02
     188   2.459787115044E+01   6.421375017890E-02
     189   2.375850942706E+01   6.202256201936E-02
     190   2.186754554996E+01   5.708612336340E-02
     191   1.963970732274E+01   5.127026041790E-02
     192   1.766804410061E+01   4.612315281625E-02
     193   1.621890741725E+01   4.234012214701E-02
     194   1.516696587220E+01   3.959398565561E-02
     195   1.426118593052E+01   3.722941001668E-02
     196   1.357421437169E+01   3.543604262366E-02
     197   1.355952780837E+01   3.539770274856E-02
     198   1.452226318224E+01   3.791096287615E-02
     199   1.614680734356E+01   4.215190195140E-02
     200   1.767575395063E+01   4.614327969553E-02
     201   1.841720779292E+01   4.807887532112E-02
     202   1.803584464521E+01   4.708331120321E-02
     203   1.668121627787E+01   4.354699836404E-02
     204   1.508499926847E+01   3.938000847920E-02
     205   1.433330341844E+01   3.741767567288E-02
     206   1.516598382726E+01   3.959142198707E-02
     207   1.739901699088E+01   4.542084652683E-02
     208   2.010046009832E+01   5.247307441122E-02
     209   2.234777903686E+01   5.833979255155E-02
     210   2.387135178817E+01   6.231714162510E-02
     211   2.501292198418E+01   6.529725738105E-02
     212   2.617414725700E+01   6.832868352011E-02
     213   2.743675826605E+01   7.162478127638E-02
     214   2.861215107206E+01   7.469319234112E-02
     215   2.953890987208E+01   7.711253414908E-02
     216   3.029849352423E+01   7.909545838591E-02
     217   3.104802123542E+01   8.105213117699E-02
     218   3.167047558986E+01   8.267707376529E-02
     219   3.174109713041E+01   8.286143418959E-02
     220   3.084164794595E+01   8.051338525169E-02
     221   2.881819472921E+01   7.523107774777E-02
     222   2.588459967762E+01   6.757280770413E-02
     223   2.264543875952E+01   5.911684544982E-02
     224   1.985813601201E+01   5.184047745819E-02
     225   1.804123892850E+01   4.709739320070E-02
     226   1.739621356147E+01   4.541352805953E-02
     227   1.800426583236E+01   4.700087341880E-02
     228   1.980557635854E+01   5.170326832994E-02
     229   2.246097336776E+01   5.863529098883E-02
     230   2.543747515954E+01   6.640557083523E-02
     231   2.819194296261E+01   7.359622185948E-02
     232   3.025017710347E+01   7.896932639046E-02
     233   3.126897468064E+01   8.162893919610E-02
     234   3.106785266659E+01   8.110390194038E-02
     235   2.955085171324E+01   7.714370881457E-02
     236   2.676781710354E+01   6.987848297151E-02
     237   2.319704517764E+01   6.055683659839E-02
     238   1.990025377460E+01   5.195042760259E-02
     239   1.817413681614E+01   4.744432857994E-02
     240   1.880763084420E+01   4.909809068841E-02
     241   2.156677068481E+01   5.630093825804E-02
     242   2.534413926166E+01   6.616191365075E-02
     243   2.875166003030E+01   7.505738619098E-02
     244   3.067214479596E+01   8.007089033571E-02
     245   3.051057989334E+01   7.964911853965E-02
     246   2.818403145826E+01   7.357556855331E-02
     247   2.413384118388E+01   6.300238094429E-02
     248   1.942811382665E+01   5.071788692940E-02
     249   1.552620000266E+01   4.053178106759E-02
     250   1.356197049485E+01   3.540407948165E-02
     251   1.370714097811E+01   3.578305297447E-02
     252   1.518714616191E+01   3.964666712850E-02
     253   1.688068746142E+01   4.406772605914E-02
     254   1.800370398875E+01   4.699940670304E-02
     255   1.837895136754E+01   4.797900535568E-02
     256   1.815397627397E+01   4.739169865883E-02
     257   1.731707001805E+01   4.520692059767E-02
     258   1.555130978667E+01   4.059733118727E-02
     259   1.264551074065E+01   3.301162375469E-02
     260   9.046442381657E+00   2.361610838396E-02
     261   5.918089907811E+00   1.544941611216E-02
     262   4.545079670359E+00   1.186511664813E-02
     263   5.576568361676E+00   1.455786012709E-02
     264   8.688979028228E+00   2.268293565796E-02
     265   1.277499608202E+01   3.334965054211E-02
     266   1.649431960974E+01   4.305909695652E-02
     267   1.888816540229E+01   4.930832945106E-02
     268   1.960509415468E+01   5.117990132491E-02
     269   1.869032264049E+01   4.879185281764E-02
     270   1.642058212315E+01   4.286660222745E-02
     271   1.342909048605E+01   3.505719077585E-02
     272   1.069501205187E+01   2.791976703425E-02
     273   9.166666389568E+00   2.392995808105E-02
     274   9.373925706419E+00   2.447101701713E-02
     275   1.119113402898E+01   2.921491377691E-02
     276   1.374331978245E+01   3.587749922510E-02
     277   1.571700275118E+01   4.102987945798E-02
     278   1.607788078610E+01   4.197196634986E-02
     279   1.468631570470E+01   3.833922870570E-02
     280   1.238438825346E+01   3.232995280617E-02
     281   1.057785445685E+01   2.761392233362E-02
     282   1.055754177064E+01   2.756089523425E-02
     283   1.287885839266E+01   3.362078735829E-02
     284   1.703069031535E+01   4.445931465351E-02
     285   2.164296426670E+01   5.649984472448E-02
     286   2.527717257325E+01   6.598709436766E-02
     287   2.723332792698E+01   7.109371804365E-02
     288   2.768844333340E+01   7.228181545385E-02
     289   2.715855904648E+01   7.089853081853E-02
     290   2.594407118085E+01   6.772806049928E-02
     291   2.410418949720E+01   6.292497400167E-02
     292   2.183963028380E+01   5.701324941765E-02
     293   1.967682704496E+01   5.136716297321E-02
     294   1.816009132487E+01   4.740766224967E-02
     295   1.749683430133E+01   4.567620262239E-02
     296   1.760297881715E+01   4.595329722867E-02
     297   1.839284507446E+01   4.801527544668E-02
     298   1.986780955464E+01   5.186573063744E-02
     299   2.188495396710E+01   5.713156874940E-02
     300   2.388655481121E+01   6.235682973947E-02
     301   2.495764083843E+01   6.515294368572E-02
     302   2.428205150507E+01   6.338929005854E-02
     303   2.164695200415E+01   5.651025487643E-02
     304   1.766898265209E+01   4.612560294334E-02
     305   1.361118846513E+01   3.553256500908E-02
     306   1.079809180509E+01   2.818886095223E-02
     307   9.934406949793E+00   2.593417626054E-02
     308   1.082316448556E+01   2.825431421160E-02
     309   1.260734017532E+01   3.291197793042E-02
     310   1.426189174837E+01   3.723125258308E-02
     311   1.500495706300E+01   3.917105502324E-02
     312   1.440117194690E+01   3.759484924635E-02
     313   1.234174446173E+01   3.221862944116E-02
     314   9.166085797377E+00   2.392844242135E-02
     315   5.805318433831E+00   1.515502156016E-02
     316   3.593877972672E+00   9.381965654636E-03
     317   3.643948290680E+00   9.512676270700E-03
     318   6.127012257955E+00   1.599481646477E-02
     319   1.007727564350E+01   2.630714083743E-02
     320   1.391171933567E+01   3.631711315651E-02
     321   1.610892704949E+01   4.205301389211E-02
     322   1.573057440363E+01   4.106530881260E-02
     323   1.287038968450E+01   3.359867944877E-02
     324   8.739578450767E+00   2.281502752308E-02
     325   5.048599861385E+00   1.317957673123E-02
     326   3.093104150316E+00   8.074675079439E-03
     327   3.206086466803E+00   8.369620044437E-03
     328   4.768817686904E+00   1.244919390474E-02
     329   6.610251313748E+00   1.725633181362E-02
     330   7.549438063821E+00   1.970811729423E-02
     331   6.927409984571E+00   1.808428751478E-02
     332   4.869049950729E+00   1.271085433501E-02
     333   2.148272265518E+00   5.608152743404E-03
     334  -1.183580362302E-01  -3.089785015811E-04
     335  -8.276506120449E-01  -2.160615823712E-03
     336   7.097369312299E-01   1.852797330143E-03
     337   4.476784253503E+00   1.168682866501E-02
     338   9.773871330199E+00   2.551509144997E-02
     339   1.560105556949E+01   4.072719459092E-02
     340   2.107139833160E+01   5.500774843930E-02
     341   2.547303761370E+01   6.649840807847E-02
     342   2.809915715526E+01   7.335400070884E-02
     343   2.823012235632E+01   7.369589073060E-02
     344   2.546503472899E+01   6.647751622013E-02
     345   2.011150013509E+01   5.250189487941E-02
     346   1.323672948335E+01   3.455502449910E-02
     347   6.346023373727E+00   1.656655395330E-02
     348   8.655444615747E-01   2.259539270060E-03
     349  -2.301886828645E+00  -6.009169852574E-03
     350  -2.965699972660E+00  -7.742081255131E-03
     351  -1.678748069649E+00  -4.382440598150E-03
     352   5.325149098336E-01   1.390151984188E-03
     353   2.719964336367E+00   7.100578311137E-03
     354   4.476190151219E+00   1.168527773667E-02
     355   5.999419982678E+00   1.566173160392E-02
     356   7.700886291522E+00   2.010347909604E-02
     357   9.698541096931E+00   2.531843879046E-02
     358   1.168430012638E+01   3.050234407448E-02
     359   1.323998000060E+01   3.456351010755E-02
     360   1.420709594170E+01   3.708820588530E-02
     361   1.475134373705E+01   3.850898704772E-02
     362   1.516613988014E+01   3.959182936952E-02
     363   1.572085275131E+01   4.103993004101E-02
     364   1.656489461604E+01   4.324333590126E-02
     365   1.752387456295E+01   4.574679233294E-02
     366   1.806934126452E+01   4.717075549998E-02
     367   1.773068140260E+01   4.628667005876E-02
     368   1.661717750547E+01   4.337982252564E-02
     369   1.543843201249E+01   4.030265913424E-02
     370   1.488578524699E+01   3.885995211620E-02
     371   1.488764056071E+01   3.886479548867E-02
     372   1.443362266534E+01   3.767956317602E-02
     373   1.226596197294E+01   3.202079615009E-02
     374   7.961444277174E+00   2.078367639016E-02
     375   2.469902511516E+00   6.447781674711E-03
     376  -2.361472373357E+00  -6.164720357695E-03
     377  -4.906214564146E+00  -1.280787408062E-02
     378  -4.642215616584E+00  -1.211869401449E-02
     379  -2.172818594140E+00  -5.672231939701E-03
     380   1.363563416388E+00   3.559638150697E-03
     381   4.806755404508E+00   1.254823187049E-02
     382   7.247732761666E+00   1.892050324496E-02
     383   8.302289628203E+00   2.167346714021E-02
     384   8.241871478983E+00   2.151574308692E-02
     385   7.702265373134E+00   2.010707924507E-02
     386   7.294006207174E+00   1.904130196984E-02
     387   7.412735623556E+00   1.935124997452E-02
     388   7.993965440499E+00   2.086857421910E-02
     389   8.280836497422E+00   2.161746286358E-02
     390   7.196779778343E+00   1.878748839494E-02
     391   4.249037290956E+00   1.109228589066E-02
     392   2.799622496999E-02   7.308529202304E-05
     393  -4.177446383213E+00  -1.090539489360E-02
     394  -7.189765119481E+00  -1.876917634065E-02
     395  -8.458638102883E+00  -2.208162123748E-02
     396  -8.114187367326E+00  -2.118241848344E-02
     397  -6.905437407319E+00  -1.802692720186E-02
     398  -6.037622103708E+00  -1.576145980564E-02
     399  -6.599451829901E+00  -1.722813931869E-02
     400  -8.854500002223E+00  -2.311503494040E-02
     401  -1.212103876744E+01  -3.164246818600E-02
     402  -1.529244209828E+01  -3.992154648336E-02
     403  -1.735672982568E+01  -4.531045414996E-02
     404  -1.761814508372E+01  -4.599288938879E-02
     405  -1.593250888651E+01  -4.159246705148E-02
     406  -1.296946599928E+01  -3.385732222672E-02
     407  -1.002094849642E+01  -2.616009651280E-02
     408  -8.242092284108E+00  -2.151631950774E-02
     409  -7.973174140301E+00  -2.081429767832E-02
     410  -8.686942224938E+00  -2.267761849955E-02
     411  -9.375463857766E+00  -2.447503242422E-02
     412  -8.975451212300E+00  -2.343078302852E-02
     413  -6.672623094805E+00  -1.741915590285E-02
     414  -2.219309832127E+00  -5.793599220770E-03
     415   3.731940722612E+00   9.742384118471E-03
     416   9.603958021413E+00   2.507152579765E-02
     417   1.345273817317E+01   3.511892403171E-02
     418   1.390950408850E+01   3.631133016304E-02
     419   1.086383315821E+01   2.836048144736E-02
     420   5.372406031177E+00   1.402488600073E-02
     421  -1.053244553780E+00  -2.749538049049E-03
     422  -7.139503406655E+00  -1.863796608058E-02
     423  -1.208020507522E+01  -3.153587015989E-02
     424  -1.535351393972E+01  -4.008097702697E-02
     425  -1.651277389052E+01  -4.310727261240E-02
     426  -1.529913164747E+01  -3.993900982555E-02
     427  -1.202140719644E+01  -3.138237588893E-02
     428  -7.736837176028E+00  -2.019733035261E-02
     429  -3.757784887161E+00  -9.809851368615E-03
     430  -7.966071332605E-01  -2.079575550789E-03
     431   1.337968787478E+00   3.492822323560E-03
     432   3.136683619881E+00   8.188441069775E-03
     433   4.656099301938E+00   1.215493794378E-02
     434   5.383389050978E+00   1.405355762379E-02
     435   4.582420175956E+00   1.196259556747E-02
     436   1.819614587584E+00   4.750178413179E-03
     437  -2.699554466869E+00  -7.047297510816E-03
     438  -8.257444945058E+00  -2.155639825800E-02
     439  -1.389879491951E+01  -3.628337343873E-02
     440  -1.840673275277E+01  -4.805152979976E-02
     441  -2.039043629846E+01  -5.323006915923E-02
     442  -1.898942899463E+01  -4.957268220666E-02
     443  -1.454430785557E+01  -3.796851139882E-02
     444  -8.432822396838E+00  -2.201422827942E-02
     445  -2.331346076000E+00  -6.086074424459E-03
     446   2.428483695238E+00   6.339656158283E-03
     447   5.225637250482E+00   1.364174008701E-02
     448   6.286710370563E+00   1.641171492905E-02
     449   6.460567107828E+00   1.686557506293E-02
     450   6.635415724990E+00   1.732202453992E-02
     451   7.219415791459E+00   1.884658063436E-02
     452   8.029640317096E+00   2.096170494572E-02
     453   8.444146845818E+00   2.204379121734E-02
     454   7.690522619454E+00   2.007642430560E-02
     455   5.256405589252E+00   1.372206209565E-02
     456   1.286794343225E+00   3.359229340705E-03
     457  -3.287591908343E+00  -8.582393338080E-03
     458  -7.143576111802E+00  -1.864859804418E-02
     459  -9.367762509061E+00  -2.445492773798E-02
     460  -9.968808570451E+00  -2.602398310037E-02
     461  -9.575665660442E+00  -2.499766743047E-02
     462  -8.743474217170E+00  -2.282519758085E-02
     463  -7.713462089547E+00  -2.013630873189E-02
     464  -6.706712280190E+00  -1.750814711761E-02
     465  -6.078237846012E+00  -1.586748886457E-02
     466  -5.988734329453E+00  -1.563383626849E-02
     467  -6.077377299399E+00  -1.586524237239E-02
     468  -5.679510099719E+00  -1.482659375079E-02
     469  -4.329098845065E+00  -1.130128985702E-02
     470  -1.956462682780E+00  -5.107425971052E-03
     471   1.172638749842E+00   3.061221488310E-03
     472   4.560171992045E+00   1.190451577208E-02
     473   7.770287650426E+00   2.028465418617E-02
     474   1.069187764981E+01   2.791158454929E-02
     475   1.335780048759E+01   3.487108531481E-02
     476   1.554652087272E+01   4.058482953123E-02
     477   1.665169322160E+01   4.346992721637E-02
     478   1.599897260097E+01   4.176597330046E-02
     479   1.341057906247E+01   3.500886594638E-02
     480   9.511859396569E+00   2.483109856509E-02
     481   5.390631681081E+00   1.407246480634E-02
     482   1.924060662440E+00   5.022839169753E-03
     483  -4.789083325593E-01  -1.250209818462E-03
     484  -1.627553681452E+00  -4.248795550816E-03
     485  -1.435010892390E+00  -3.746154713322E-03
     486  -1.825012420551E-01  -4.764269677237E-04
     487   1.309465858722E+00   3.418414260548E-03
     488   1.946809148590E+00   5.082225024637E-03
     489   9.116485470589E-01   2.379895873662E-03
     490  -1.907069990685E+00  -4.978484325190E-03
     491  -5.943705239188E+00  -1.551628598393E-02
     492  -1.035104777740E+01  -2.702183420682E-02
     493  -1.434262183746E+01  -3.744200178741E-02
     494  -1.723510507881E+01  -4.499294776646E-02
     495  -1.826340851186E+01  -4.767737599823E-02
     496  -1.644776963540E+01  -4.293757634179E-02
     497  -1.099536032286E+01  -2.870383849808E-02
     498  -2.236654607062E+00  -5.838878466187E-03
     499   7.904582249008E+00   2.063523573654E-02
     500   1.659520482351E+01   4.332246193938E-02
     501   2.135081668026E+01   5.573718148357E-02
     502   2.100407291112E+01   5.483199267144E-02
     503   1.604327054108E+01   4.188161488758E-02
     504   8.315091972273E+00   2.170688818380E-02
     505   2.620416507659E-01   6.840704626769E-04
     506  -5.936741512584E+00  -1.549810689040E-02
     507  -9.033045052718E+00  -2.358113410801E-02
     508  -8.954735126643E+00  -2.337670283837E-02
     509  -6.530662721762E+00  -1.704856253426E-02
     510  -3.023648193097E+00  -7.893357458170E-03
     511   1.897132227087E-01   4.952541386262E-04
     512   1.938243584322E+00   5.059864268266E-03
     513   1.707905214486E+00   4.458556519038E-03
     514  -1.101978159995E-01  -2.876759124223E-04
     515  -2.558708480331E+00  -6.679613293837E-03
     516  -4.810245474727E+00  -1.255734284175E-02
     517  -6.577159733657E+00  -1.716994488835E-02
     518  -7.950524449946E+00  -2.075516973390E-02
     519  -8.959715080748E+00  -2.338970321255E-02
     520  -9.393871589294E+00  -2.452308656137E-02
     521  -9.083548549964E+00  -2.371297555621E-02
     522  -8.311650834719E+00  -2.169790495326E-02
     523  -7.820285610267E+00  -2.041517590827E-02
     524  -8.227854141542E+00  -2.147915025337E-02
     525  -9.390280267319E+00  -2.451371126825E-02
     526  -1.046826332262E+01  -2.732783018882E-02
     527  -1.059605725240E+01  -2.766144147700E-02
     528  -9.402765293738E+00  -2.454630394111E-02
     529  -6.912595444334E+00  -1.804561355068E-02
     530  -3.235101272101E+00  -8.445364382130E-03
     531   1.352775227621E+00   3.531475142030E-03
     532   6.131285342137E+00   1.600597152605E-02
     533   1.002374525095E+01   2.616739755506E-02
     534   1.208450304521E+01   3.154709018660E-02
     535   1.185085168356E+01   3.093713373654E-02
     536   9.288066895301E+00   2.424687907389E-02
     537   4.710866075636E+00   1.229790884980E-02
     538  -1.048494898115E+00  -2.737138878387E-03
     539  -6.609306334401E+00  -1.725386490633E-02
     540  -1.053271037317E+01  -2.749607185405E-02
     541  -1.210392647071E+01  -3.159779583446E-02
     542  -1.172740856721E+01  -3.061488042501E-02
     543  -1.059236606811E+01  -2.765180548924E-02
     544  -9.915853582470E+00  -2.588574193519E-02
     545  -1.025944794666E+01  -2.678270909669E-02
     546  -1.136577760899E+01  -2.967082799599E-02
     547  -1.251214803656E+01  -3.266347495307E-02
     548  -1.285179216609E+01  -3.355012986519E-02
     549  -1.157556764010E+01  -3.021849346531E-02
     550  -8.227648091330E+00  -2.147861235085E-02
     551  -3.094409205458E+00  -8.078081979342E-03
     552   2.779279356446E+00   7.255422600627E-03
     553   8.004986253743E+00   2.089734450350E-02
     554   1.139252146348E+01   2.974064392359E-02
     555   1.234428590408E+01   3.222526398051E-02
     556   1.104936497228E+01   2.884481984745E-02
     557   8.429030066235E+00   2.200432824505E-02
     558   5.685507815706E+00   1.484225103404E-02
     559   3.650833976219E+00   9.530651634841E-03
     560   2.414116531038E+00   6.302150087654E-03
     561   1.449314112750E+00   3.783493855940E-03
     562   1.308738908005E-01   3.416516525926E-04
     563  -1.663921905745E+00  -4.343736289991E-03
     564  -3.361751583000E+00  -8.775990206388E-03
     565  -4.150636675213E+00  -1.083540705272E-02
     566  -3.649200141440E+00  -9.526386442227E-03
     567  -2.129061787088E+00  -5.558003002591E-03
     568  -1.449066441504E-01  -3.782847300008E-04
     569   2.004920715500E+00   5.233927650333E-03
     570   4.455795107393E+00   1.163203563937E-02
     571   7.426563875337E+00   1.938734919221E-02
     572   1.075580184002E+01   2.807846126622E-02
     573   1.381838616641E+01   3.607346309518E-02
     574   1.579188243988E+01   4.122535595243E-02
     575   1.596757932222E+01   4.168401986041E-02
     576   1.402353229970E+01   3.660900547902E-02
     577   1.026494389576E+01   2.679705649694E-02
     578   5.589306778344E+00   1.459111428557E-02
     579   1.131018332055E+00   2.952569682886E-03
     580  -2.119881337905E+00  -5.534037063963E-03
     581  -3.568731781678E+00  -9.316320493048E-03
     582  -3.137333481245E+00  -8.190137559483E-03
     583  -1.292362359632E+00  -3.373764875605E-03
     584   1.084479989499E+00   2.831079433411E-03
     585   3.012477437088E+00   7.864195742049E-03
     586   3.655386398720E+00   9.542535920249E-03
     587   2.462450187634E+00   6.428327077967E-03
     588  -6.074198086770E-01  -1.585694290760E-03
     589  -4.806513957982E+00  -1.254760156444E-02
     590  -8.542308791836E+00  -2.230004699818E-02
     591  -9.892932353784E+00  -2.582590512884E-02
     592  -7.521542423581E+00  -1.963529458277E-02
     593  -1.276605576914E+00  -3.332631148914E-03
     594   7.825170741556E+00   2.042792874360E-02
     595   1.800013758707E+01   4.699009646537E-02
     596   2.721105960448E+01   7.103558567563E-02
     597   3.364529144767E+01   8.783241145152E-02
     598   3.616421181376E+01   9.440815624339E-02
     599   3.468794930500E+01   9.055431249584E-02
     600   3.018120212052E+01   7.878926437223E-02
     601   2.410947964963E+01   6.293878416129E-02
     602   1.781685783088E+01   4.651163715460E-02
     603   1.228035174959E+01   3.205836125143E-02
     604   8.159060026623E+00   2.129956039854E-02
     605   5.773410592762E+00   1.507172483409E-02
     606   4.943227225642E+00   1.290449714951E-02
     607   5.017616798008E+00   1.309869417521E-02
     608   5.351316453510E+00   1.396983079439E-02
     609   5.800977986178E+00   1.514369064378E-02
     610   6.616138466085E+00   1.727170046594E-02
     611   7.916477903719E+00   2.066628983041E-02
     612   9.504078893409E+00   2.481078724290E-02
     613   1.113556622766E+01   2.906985175548E-02
     614   1.274092024761E+01   3.326069418062E-02
     615   1.432685635325E+01   3.740084534512E-02
     616   1.572449955443E+01   4.104945016993E-02
     617   1.652443444821E+01   4.313771297585E-02
     618   1.624210524853E+01   4.240068103577E-02
     619   1.442618079366E+01   3.766013586519E-02
     620   1.075367703472E+01   2.807291437494E-02
     621   5.368523627081E+00   1.401475082581E-02
     622  -8.050761439431E-01  -2.101684250071E-03
     623  -6.372371475672E+00  -1.663533675265E-02
     624  -1.034001217843E+01  -2.699302532369E-02
     625  -1.267418834361E+01  -3.308648781187E-02
     626  -1.392629047389E+01  -3.635515170967E-02
     627  -1.448722189628E+01  -3.781948616384E-02
     628  -1.432952860100E+01  -3.740782135731E-02
     629  -1.322801275588E+01  -3.453226912501E-02
     630  -1.106316383213E+01  -2.888084233631E-02
     631  -8.011476129331E+00  -2.091428658955E-02
     632  -4.553002038779E+00  -1.188579831539E-02
     633  -1.319196126189E+00  -3.443815522325E-03
     634   1.053089039370E+00   2.749132072310E-03
     635   2.053130607171E+00   5.359781547241E-03
     636   1.505670981247E+00   3.930615769555E-03
     637  -2.619144089003E-01  -6.837382925749E-04
     638  -2.403428080619E+00  -6.274247450029E-03
     639  -3.806224527236E+00  -9.936305033144E-03
     640  -3.718830695248E+00  -9.708159855045E-03
     641  -2.327272081909E+00  -6.075439096010E-03
     642  -6.117448669457E-01  -1.596985032527E-03
     643   3.752958463798E-01   9.797251792736E-04
     644   1.272992742697E-01   3.323199697207E-04
     645  -1.097796127661E+00  -2.865841757519E-03
     646  -2.458683076883E+00  -6.418492881049E-03
     647  -3.080083541870E+00  -8.040684247759E-03
     648  -2.660315900151E+00  -6.944863625168E-03
     649  -1.612461759419E+00  -4.209397470175E-03
     650  -5.981909938296E-01  -1.561602091584E-03
     651   9.600217997919E-02   2.506176231313E-04
     652   8.138968209270E-01   2.124710988636E-03
     653   2.341768016909E+00   6.113281328089E-03
     654   5.497621261798E+00   1.435176548914E-02
     655   1.063934340542E+01   2.777444175248E-02
     656   1.725585703414E+01   4.504712159584E-02
     657   2.387075853788E+01   6.231559292091E-02
     658   2.857164187878E+01   7.458744143279E-02
     659   3.010647855992E+01   7.859419545657E-02
     660   2.868937069511E+01   7.489477733006E-02
     661   2.577683788336E+01   6.729149112624E-02
     662   2.295177114864E+01   5.991653869915E-02
     663   2.074084933195E+01   5.414483673626E-02
     664   1.841374826380E+01   4.806984407865E-02
     665   1.501671517824E+01   3.920175006471E-02
     666   1.050212587416E+01   2.741622976663E-02
     667   5.731029690988E+00   1.496108775407E-02
     668   1.632616048776E+00   4.262011068070E-03
     669  -1.315815172007E+00  -3.434989402948E-03
     670  -2.935290430513E+00  -7.662695899768E-03
     671  -3.000861968908E+00  -7.833873086588E-03
     672  -1.140865648154E+00  -2.978276504912E-03
     673   2.840796434842E+00   7.416015453547E-03
     674   8.406650345377E+00   2.194590506706E-02
     675   1.414452391753E+01   3.692485905325E-02
     676   1.843905156326E+01   4.813589937834E-02
     677   2.044905691620E+01   5.338310068297E-02
     678   2.056340953189E+01   5.368162287018E-02
     679   1.997795648734E+01   5.215327371694E-02
     680   1.971018025758E+01   5.145423290091E-02
     681   1.991417521440E+01   5.198677009141E-02
     682   2.007528479869E+01   5.240735326034E-02
     683   1.970992108538E+01   5.145355632126E-02
     684   1.879794817857E+01   4.907281369319E-02
     685   1.763540342748E+01   4.603794300207E-02
     686   1.641413032162E+01   4.284975953528E-02
     687   1.501766691571E+01   3.920423461433E-02
     688   1.327195619980E+01   3.464698528530E-02
     689   1.141670409681E+01   2.980377367843E-02
     690   1.015995251172E+01   2.652297218839E-02
     691   1.010872293392E+01   2.638923527717E-02
     692   1.118749014138E+01   2.920540125906E-02
     693   1.251644642989E+01   3.267469608491E-02
     694   1.284406476529E+01   3.352995716887E-02
     695   1.129590791335E+01   2.948843029365E-02
     696   7.842870138536E+00   2.047413374439E-02
     697   3.183595404629E+00   8.310906205388E-03
     698  -1.617797515026E+00  -4.223326678741E-03
     699  -5.354759725551E+00  -1.397881959709E-02
     700  -6.963232244934E+00  -1.817780299275E-02
     701  -5.958627242446E+00  -1.555524048465E-02
     702  -2.489259141981E+00  -6.498312951397E-03
     703   3.018269280702E+00   7.879315587038E-03
     704   9.962785393996E+00   2.600825935153E-02
     705   1.734642408731E+01   4.528355059782E-02
     706   2.373758487414E+01   6.196793761687E-02
     707   2.770699024551E+01   7.233023292760E-02
     708   2.856034146061E+01   7.455794122830E-02
     709   2.682023465776E+01   7.001532114384E-02
     710   2.395066770635E+01   6.252419907832E-02
     711   2.144605189358E+01   5.598579690883E-02
     712   2.003583772784E+01   5.230437506612E-02
     713   1.950535510268E+01   5.091952844429E-02
     714   1.907950012793E+01   4.980781658949E-02
     715   1.813385212729E+01   4.733916374962E-02
     716   1.672236228251E+01   4.365441169453E-02
     717   1.544022065877E+01   4.030732846861E-02
     718   1.484273287635E+01   3.874756213921E-02
     719   1.502822135248E+01   3.923178740385E-02
     720   1.559921314174E+01   4.072238485782E-02
     721   1.589132682454E+01   4.148495959187E-02
     722   1.535176826864E+01   4.007641988112E-02
     723   1.378751086138E+01   3.599286184673E-02
     724   1.136804144511E+01   2.967673783291E-02
     725   8.614775640371E+00   2.248922467456E-02
     726   6.396236619790E+00   1.669763768890E-02
     727   5.625690409613E+00   1.468609524529E-02
     728   6.637264808329E+00   1.732685164771E-02
     729   8.680412871731E+00   2.266057335555E-02
     730   1.004031528886E+01   2.621065431772E-02
     731   8.855962939007E+00   2.311885399679E-02
     732   4.134503074808E+00   1.079328962803E-02
     733  -3.625008540880E+00  -9.463233278066E-03
     734  -1.256565180347E+01  -3.280314872812E-02
     735  -2.033254513269E+01  -5.307894189975E-02
     736  -2.513948759961E+01  -6.562766210432E-02
     737  -2.639200644521E+01  -6.889741385453E-02
     738  -2.461007106462E+01  -6.424559855459E-02
     739  -2.090645572225E+01  -5.457715900145E-02
     740  -1.650023567397E+01  -4.307454108452E-02
     741  -1.245649377747E+01  -3.251818723007E-02
     742  -9.440905790231E+00  -2.464587126945E-02
     743  -7.497720504563E+00  -1.957310648741E-02
     744  -6.242035982176E+00  -1.629509060828E-02
     745  -5.446267100980E+00  -1.421770334884E-02
     746  -5.416096608923E+00  -1.413894204352E-02
     747  -6.749434724243E+00  -1.761967580774E-02
     748  -9.710064601069E+00  -2.534852137002E-02
     749  -1.382889358481E+01  -3.610089314129E-02
     750  -1.803828344054E+01  -4.708967777833E-02
     751  -2.116347724974E+01  -5.524812422669E-02
     752  -2.243023042855E+01  -5.855503528678E-02
     753  -2.167865930177E+01  -5.659302807562E-02
     754  -1.921324775094E+01  -5.015697023774E-02
     755  -1.554491277924E+01  -4.058063153734E-02
     756  -1.126184451243E+01  -2.939950639029E-02
     757  -7.048519228751E+00  -1.840044815740E-02
     758  -3.760570873881E+00  -9.817124301063E-03
     759  -2.339319998756E+00  -6.106890676429E-03
     760  -3.436127841340E+00  -8.970152475274E-03
     761  -6.956449101254E+00  -1.816009531834E-02
     762  -1.193908493856E+01  -3.116747026279E-02
     763  -1.689726621426E+01  -4.411100557249E-02
     764  -2.037375938654E+01  -5.318653339757E-02
     765  -2.150293803152E+01  -5.613430050201E-02
     766  -2.050106212327E+01  -5.351886240619E-02
     767  -1.879659263971E+01  -4.906927500346E-02
     768  -1.837147798068E+01  -4.795949577317E-02
     769  -2.051166654618E+01  -5.354654568655E-02
     770  -2.491388802635E+01  -6.503872517767E-02
     771  -2.982121997393E+01  -7.784951623350E-02
     772  -3.297982580308E+01  -8.609518612852E-02
     773  -3.269708691843E+01  -8.535708468901E-02
     774  -2.857905318603E+01  -7.460678895394E-02
     775  -2.179235084633E+01  -5.688982450954E-02
     776  -1.466527755861E+01  -3.828430776360E-02
     777  -9.691086166843E+00  -2.529897739011E-02
     778  -8.460109916200E+00  -2.208546346643E-02
     779  -1.112109031451E+01  -2.903206179126E-02
     780  -1.651490080566E+01  -4.311282501148E-02
     781  -2.274928676583E+01  -5.938794492397E-02
     782  -2.800460616695E+01  -7.310717148100E-02
     783  -3.122276447356E+01  -8.150830555772E-02
     784  -3.226096677174E+01  -8.421857518240E-02
     785  -3.158985041964E+01  -8.246659845600E-02
     786  -3.000391834796E+01  -7.832645782233E-02
     787  -2.847502143275E+01  -7.433520980081E-02
     788  -2.783738744464E+01  -7.267064015705E-02
     789  -2.840158287560E+01  -7.414349543929E-02
     790  -2.990804377228E+01  -7.807617331545E-02
     791  -3.183965321218E+01  -8.311871887795E-02
     792  -3.373795690786E+01  -8.807431843095E-02
     793  -3.526285330424E+01  -9.205512293422E-02
     794  -3.606087210474E+01  -9.413838370015E-02
     795  -3.568108118032E+01  -9.314692393553E-02
     796  -3.374676867348E+01  -8.809732190605E-02
     797  -3.040742370654E+01  -7.937982508868E-02
     798  -2.658660852886E+01  -6.940543056491E-02
     799  -2.346979681025E+01  -6.126886590737E-02
     800  -2.154942013005E+01  -5.625564392413E-02
     801  -2.036129019799E+01  -5.315398207013E-02
     802  -1.923342316060E+01  -5.020963897103E-02
     803  -1.805192714512E+01  -4.712529522798E-02
     804  -1.717484054511E+01  -4.483562473276E-02
     805  -1.683358644815E+01  -4.394476693472E-02
     806  -1.686967894640E+01  -4.403898787977E-02
     807  -1.692451937832E+01  -4.418215107358E-02
     808  -1.674143310553E+01  -4.370419685916E-02
     809  -1.637715180558E+01  -4.275322560450E-02
     810  -1.616081750821E+01  -4.218847606007E-02
     811  -1.636829636988E+01  -4.273010812689E-02
     812  -1.692945407176E+01  -4.419503329295E-02
     813  -1.754826148811E+01  -4.581045539997E-02
     814  -1.808955756792E+01  -4.722353098807E-02
     815  -1.856494433996E+01  -4.846454762855E-02
     816  -1.871926723028E+01  -4.886741385488E-02
     817  -1.799759282376E+01  -4.698345325650E-02
     818  -1.602932557938E+01  -4.184521099387E-02
     819  -1.304828093679E+01  -3.406307184937E-02
     820  -9.880913898985E+00  -2.579453046030E-02
     821  -7.583140093218E+00  -1.979609782242E-02
     822  -6.965475506272E+00  -1.818365911836E-02
     823  -8.330064940585E+00  -2.174597573088E-02
     824  -1.146110144602E+01  -2.991967477709E-02
     825  -1.559389400958E+01  -4.070849904543E-02
     826  -1.944592996018E+01  -5.076439667572E-02
     827  -2.163639641666E+01  -5.648269908292E-02
     828  -2.125829560719E+01  -5.549565143262E-02
     829  -1.818827376499E+01  -4.748123366398E-02
     830  -1.311007850805E+01  -3.422439694040E-02
     831  -7.268955691233E+00  -1.897590657190E-02
     832  -2.078870910879E+00  -5.426977664405E-03
     833   1.275442026295E+00   3.329593652364E-03
     834   2.296960531377E+00   5.996309551771E-03
     835   1.538989614346E+00   4.017595426007E-03
     836   5.048929423757E-01   1.318043706730E-03
     837   9.424862626167E-01   2.460398993253E-03
     838   3.813362205563E+00   9.954938234778E-03
     839   8.630296463463E+00   2.252974241898E-02
     840   1.371098482532E+01   3.579308749505E-02
     841   1.715428490008E+01   4.478196337945E-02
     842   1.777658032240E+01   4.640649106894E-02
     843   1.538881694893E+01   4.017313697856E-02
     844   1.045281532296E+01   2.728750255294E-02
     845   3.672926855527E+00   9.588326001209E-03
     846  -4.190471793001E+00  -1.093939825938E-02
     847  -1.236915509782E+01  -3.229018602943E-02
     848  -2.009453742372E+01  -5.245761302657E-02
     849  -2.655884350092E+01  -6.933294882220E-02
     850  -3.092375407568E+01  -8.072772666645E-02
     851  -3.250685268189E+01  -8.486047042244E-02
     852  -3.101727191129E+01  -8.097185880686E-02
     853  -2.673465333990E+01  -6.979190760811E-02
     854  -2.058587913012E+01  -5.374028067672E-02
     855  -1.403369536425E+01  -3.663553657530E-02
     856  -8.602352766893E+00  -2.245679425449E-02
     857  -5.212491269392E+00  -1.360742196491E-02
     858  -3.731019382877E+00  -9.739978923354E-03
     859  -3.030564485829E+00  -7.911412723641E-03
     860  -1.697977295267E+00  -4.432639279264E-03
     861   9.565027075058E-01   2.496989496756E-03
     862   4.281818825164E+00   1.117786342846E-02
     863   6.584694679120E+00   1.718961517211E-02
     864   6.211335571417E+00   1.621494592849E-02
     865   2.531620000849E+00   6.608897708595E-03
     866  -3.940012364863E+00  -1.028556366328E-02
     867  -1.201620282634E+01  -3.136878966763E-02
     868  -2.027466442013E+01  -5.292784192880E-02
     869  -2.740087832817E+01  -7.153111522889E-02
     870  -3.249443998155E+01  -8.482806655978E-02
     871  -3.519855189261E+01  -9.188726146534E-02
     872  -3.553283166557E+01  -9.275991250490E-02
     873  -3.363464108546E+01  -8.780460824473E-02
     874  -2.961914534497E+01  -7.732199213753E-02
     875  -2.367361632539E+01  -6.180094510019E-02
     876  -1.641550305734E+01  -4.285334311812E-02
     877  -9.094929644342E+00  -2.374268636926E-02
     878  -3.145258780344E+00  -8.210826877405E-03
     879   5.843148129058E-01   1.525377752907E-03
     880   2.239231484595E+00   5.845605510539E-03
     881   2.792277723322E+00   7.289355369774E-03
     882   3.418257642650E+00   8.923501589621E-03
     883   4.791292276096E+00   1.250786474039E-02
     884   6.784296354471E+00   1.771068352140E-02
     885   8.809705983806E+00   2.299809832054E-02
     886   1.040392366052E+01   2.715986886552E-02
     887   1.141772553972E+01   2.980644019698E-02
     888   1.180905922197E+01   3.082803280371E-02
     889   1.153130757955E+01   3.010295076433E-02
     890   1.069683045736E+01   2.792451405627E-02
     891   9.768478496104E+00   2.550101323567E-02
     892   9.530933765985E+00   2.488089298775E-02
     893   1.076779435173E+01   2.810976820924E-02
     894   1.370577888242E+01   3.577949716788E-02
     895   1.757005251983E+01   4.586734178084E-02
     896   2.073381865470E+01   5.412648286531E-02
     897   2.154380162163E+01   5.624097657777E-02
     898   1.929256400035E+01   5.036402855564E-02
     899   1.464033416474E+01   3.821919201221E-02
     900   9.102539539061E+00   2.376255231113E-02
     901   3.986373935392E+00   1.040659244214E-02
     902  -2.803172890933E-01  -7.317797651095E-04
     903  -3.977874952662E+00  -1.038440549960E-02
     904  -7.475188047521E+00  -1.951428458536E-02
     905  -1.072642000099E+01  -2.800175877192E-02
     906  -1.318761042834E+01  -3.442679719406E-02
     907  -1.423894194952E+01  -3.717134119315E-02
     908  -1.370539923210E+01  -3.577850607517E-02
     909  -1.201230222869E+01  -3.135860699769E-02
     910  -9.953700312435E+00  -2.598454237398E-02
     911  -8.384084773687E+00  -2.188699671787E-02
     912  -7.975186546630E+00  -2.081955114747E-02
     913  -8.937712829210E+00  -2.333226543368E-02
     914  -1.078797915735E+01  -2.816246147109E-02
     915  -1.250707641940E+01  -3.265023528874E-02
     916  -1.316208019704E+01  -3.436014947953E-02
     917  -1.248962560313E+01  -3.260467921806E-02
     918  -1.094024282689E+01  -2.855995201722E-02
     919  -9.273651650178E+00  -2.420924748604E-02
     920  -8.140331718077E+00  -2.125066938196E-02
     921  -7.810065822210E+00  -2.038849673294E-02
     922  -8.049649572348E+00  -2.101393992615E-02
     923  -8.229601305553E+00  -2.148371129659E-02
     924  -7.739758339459E+00  -2.020495616939E-02
     925  -6.405456633464E+00  -1.672170691225E-02
     926  -4.488910891723E+00  -1.171848575080E-02
     927  -2.400782601403E+00  -6.267341318177E-03
     928  -3.958585662685E-01  -1.033405001802E-03
     929   1.595250353942E+00   4.164466391191E-03
     930   3.850248861742E+00   1.005123236163E-02
     931   6.519078066929E+00   1.701832031830E-02
     932   9.378214604725E+00   2.448221336183E-02
     933   1.197257413539E+01   3.125489518284E-02
     934   1.409291773140E+01   3.679013899052E-02
     935   1.595413718525E+01   4.164892861125E-02
     936   1.781699652777E+01   4.651199922852E-02
     937   1.951011708898E+01   5.093195980459E-02
     938   2.037304399590E+01   5.318466584100E-02
     939   1.973807379885E+01   5.152705013292E-02
     940   1.737731840101E+01   4.536420146919E-02
     941   1.349320347424E+01   3.522456035762E-02
     942   8.613699551738E+00   2.248641550110E-02
     943   3.561054039230E+00   9.296277431901E-03
     944  -7.279349789293E-01  -1.900304079063E-03
     945  -3.415780548563E+00  -8.917035034044E-03
     946  -3.956308676942E+00  -1.032810585347E-02
     947  -2.459021296652E+00  -6.419375817610E-03
     948   1.039769980598E-01   2.714362123831E-04
     949   2.368908686684E+00   6.184133158231E-03
     950   3.359908144327E+00   8.771177834224E-03
     951   2.847527634085E+00   7.433587524885E-03
     952   1.216521050749E+00   3.175778032270E-03
     953  -8.585194816143E-01  -2.241200272126E-03
     954  -2.694846085124E+00  -7.035006087413E-03
     955  -3.839053306530E+00  -1.002200590617E-02
     956  -4.245924493107E+00  -1.108415980437E-02
     957  -4.210974480465E+00  -1.099292136480E-02
     958  -4.057920723413E+00  -1.059336826286E-02
     959  -3.887087844301E+00  -1.014740203454E-02
     960  -3.603684127095E+00  -9.407565022421E-03
     961  -3.147140348318E+00  -8.215738787671E-03
     962  -2.754259435135E+00  -7.190107071216E-03
     963  -2.955712296527E+00  -7.716008017486E-03
     964  -4.257677275741E+00  -1.111484092484E-02
     965  -6.869237322065E+00  -1.793242539653E-02
     966  -1.057780790707E+01  -2.761380081351E-02
     967  -1.468511771176E+01  -3.833610129606E-02
     968  -1.810127618583E+01  -4.725412292011E-02
     969  -1.980467545801E+01  -5.170091649219E-02
     970  -1.957828273015E+01  -5.110990900296E-02
     971  -1.827835645009E+01  -4.771639820326E-02
     972  -1.710755795366E+01  -4.465998077186E-02
     973  -1.663815718225E+01  -4.343459083121E-02
     974  -1.667376156707E+01  -4.352753753616E-02
     975  -1.681463719844E+01  -4.389529914217E-02
     976  -1.692064218830E+01  -4.417202951024E-02
     977  -1.714653868829E+01  -4.476174157627E-02
     978  -1.767381977711E+01  -4.613823045633E-02
     979  -1.833557930323E+01  -4.786578080525E-02
     980  -1.851941630376E+01  -4.834569482518E-02
     981  -1.758257122402E+01  -4.590002237091E-02
     982  -1.538540506171E+01  -4.016423010720E-02
     983  -1.244900485780E+01  -3.249863709854E-02
     984  -9.727451100459E+00  -2.539390953884E-02
     985  -8.169956572574E+00  -2.132800627807E-02
     986  -8.284744585644E+00  -2.162766508796E-02
     987  -9.947310105215E+00  -2.596786047629E-02
     988  -1.256126747587E+01  -3.279170326133E-02
     989  -1.545790930020E+01  -4.035350539160E-02
     990  -1.814288178087E+01  -4.736273603017E-02
     991  -2.022676077833E+01  -5.280278750970E-02
     992  -2.143423245005E+01  -5.595494176735E-02
     993  -2.193684635773E+01  -5.726703596068E-02
     994  -2.244765149107E+01  -5.860051368406E-02
     995  -2.357809456652E+01  -6.155158163603E-02
     996  -2.515186009774E+01  -6.565996101748E-02
     997  -2.632776974859E+01  -6.872972132684E-02
     998  -2.627083196769E+01  -6.858108291761E-02
     999  -2.475267712682E+01  -6.461787752118E-02
    1000  -2.240332060611E+01  -5.848478609306E-02
