# lag   C(lag)   C_norm(lag)
       0   9.813942528653E-04   1.000000000000E+00
       1   9.599456997990E-04   9.781448148859E-01
       2   9.397558718802E-04   9.575722184397E-01
       3   9.203469761378E-04   9.377953594600E-01
       4   9.015998740887E-04   9.186928407787E-01
       5   8.829409521792E-04   8.996801739987E-01
       6   8.642884825161E-04   8.806740817899E-01
       7   8.469201282705E-04   8.629764498802E-01
       8   8.306094971707E-04   8.463565939434E-01
       9   8.159771809155E-04   8.314468711562E-01
      10   8.015296193097E-04   8.167254056864E-01
      11   7.870396070084E-04   8.019606847203E-01
      12   7.737423693351E-04   7.884113515807E-01
      13   7.613102529127E-04   7.757435410794E-01
      14   7.487802439526E-04   7.629759821462E-01
      15   7.377170648357E-04   7.517030619263E-01
      16   7.272988750237E-04   7.410873590305E-01
      17   7.176066222556E-04   7.312113558445E-01
      18   7.102181187252E-04   7.236827774889E-01
      19   7.026755236789E-04   7.159971862759E-01
      20   6.952103667402E-04   7.083905012796E-01
      21   6.882197201745E-04   7.012673226536E-01
      22   6.809896688619E-04   6.939002005297E-01
      23   6.746347625209E-04   6.874248147992E-01
      24   6.690713164794E-04   6.817558942554E-01
      25   6.645625379696E-04   6.771616361409E-01
      26   6.601789452608E-04   6.726949371604E-01
      27   6.556110102015E-04   6.680404009778E-01
      28   6.505764718100E-04   6.629104153713E-01
      29   6.453714829668E-04   6.576067478310E-01
      30   6.403768700350E-04   6.525174446104E-01
      31   6.353711509919E-04   6.474168247235E-01
      32   6.308557529375E-04   6.428158215677E-01
      33   6.271976008570E-04   6.390883164700E-01
      34   6.231974479342E-04   6.350123267124E-01
      35   6.183154788557E-04   6.300378029018E-01
      36   6.143353462976E-04   6.259822130646E-01
      37   6.093406887036E-04   6.208928643352E-01
      38   6.045363981385E-04   6.159974917048E-01
      39   5.991677766661E-04   6.105270893087E-01
      40   5.935643623540E-04   6.048174427565E-01
      41   5.884613120399E-04   5.996176463453E-01
      42   5.835954804796E-04   5.946595659958E-01
      43   5.790961594748E-04   5.900749446861E-01
      44   5.757092855543E-04   5.866238607710E-01
      45   5.723682765118E-04   5.832195112623E-01
      46   5.691988519328E-04   5.799899991985E-01
      47   5.668157979396E-04   5.775617661146E-01
      48   5.645819220908E-04   5.752855393665E-01
      49   5.617844178229E-04   5.724349986590E-01
      50   5.605522472295E-04   5.711794679792E-01
      51   5.585618667209E-04   5.691513528738E-01
      52   5.564951767107E-04   5.670454815544E-01
      53   5.535557831482E-04   5.640503615464E-01
      54   5.501931366133E-04   5.606239643313E-01
      55   5.471677708557E-04   5.575412422257E-01
      56   5.425487729887E-04   5.528346751621E-01
      57   5.369957629118E-04   5.471763884331E-01
      58   5.319839391121E-04   5.420695480526E-01
      59   5.272742520742E-04   5.372705724888E-01
      60   5.228884773150E-04   5.328016500895E-01
      61   5.188091908979E-04   5.286450265866E-01
      62   5.138250874435E-04   5.235664320871E-01
      63   5.089006672467E-04   5.185486523493E-01
      64   5.035215240537E-04   5.130675287568E-01
      65   4.987792809010E-04   5.082353798636E-01
      66   4.934284295897E-04   5.027830845240E-01
      67   4.876531126984E-04   4.968982763804E-01
      68   4.833177482977E-04   4.924807200435E-01
      69   4.784884496413E-04   4.875598652063E-01
      70   4.738655936004E-04   4.828493668236E-01
      71   4.685878074105E-04   4.774715218093E-01
      72   4.632760934355E-04   4.720591057905E-01
      73   4.580339517470E-04   4.667175810432E-01
      74   4.537545059264E-04   4.623570034179E-01
      75   4.497978908786E-04   4.583253769474E-01
      76   4.458314092921E-04   4.542836968837E-01
      77   4.420235063335E-04   4.504036018582E-01
      78   4.381100908088E-04   4.464159939084E-01
      79   4.337654660553E-04   4.419890016564E-01
      80   4.291269991101E-04   4.372625964103E-01
      81   4.249894132456E-04   4.330465681909E-01
      82   4.208420618738E-04   4.288205893249E-01
      83   4.159305859161E-04   4.238159992294E-01
      84   4.109017350552E-04   4.186918089804E-01
      85   4.059660950167E-04   4.136625966898E-01
      86   4.016067346060E-04   4.092205894149E-01
      87   3.981338777987E-04   4.056818925078E-01
      88   3.959118047324E-04   4.034176923051E-01
      89   3.929118819394E-04   4.003608955241E-01
      90   3.895033942777E-04   3.968877881040E-01
      91   3.854505676691E-04   3.927581260474E-01
      92   3.812958626128E-04   3.885246540823E-01
      93   3.777468782075E-04   3.849083863133E-01
      94   3.742359652358E-04   3.813309117545E-01
      95   3.700453586395E-04   3.770608576105E-01
      96   3.662564659940E-04   3.732001333049E-01
      97   3.613412606329E-04   3.681917431021E-01
      98   3.564711684905E-04   3.632293213963E-01
      99   3.523146418728E-04   3.589939933357E-01
     100   3.493027148858E-04   3.559249647794E-01
     101   3.461165739567E-04   3.526784194489E-01
     102   3.434577024521E-04   3.499691397716E-01
     103   3.418287193122E-04   3.483092735811E-01
     104   3.401188871764E-04   3.465670256204E-01
     105   3.387432143935E-04   3.451652721671E-01
     106   3.381510282813E-04   3.445618591041E-01
     107   3.376454643533E-04   3.440467104504E-01
     108   3.372405472819E-04   3.436341167653E-01
     109   3.370883212203E-04   3.434790047283E-01
     110   3.359427076228E-04   3.423116720339E-01
     111   3.343238276911E-04   3.406621005931E-01
     112   3.333718941456E-04   3.396921198308E-01
     113   3.324096563859E-04   3.387116395020E-01
     114   3.294793619923E-04   3.357257911694E-01
     115   3.255148621444E-04   3.316861304150E-01
     116   3.220240400628E-04   3.281291276391E-01
     117   3.197436743489E-04   3.258055296486E-01
     118   3.172998040266E-04   3.233153272502E-01
     119   3.150444341148E-04   3.210171989442E-01
     120   3.129536409999E-04   3.188867675618E-01
     121   3.111475257418E-04   3.170464110966E-01
     122   3.099267951312E-04   3.158025372844E-01
     123   3.071040020227E-04   3.129262282982E-01
     124   3.044330280536E-04   3.102046167121E-01
     125   3.010854353631E-04   3.067935587396E-01
     126   2.978657211985E-04   3.035128036758E-01
     127   2.947405374330E-04   3.003283711642E-01
     128   2.919723882684E-04   2.975077420884E-01
     129   2.897627365567E-04   2.952561987302E-01
     130   2.875555294134E-04   2.930071462859E-01
     131   2.856531876460E-04   2.910687390027E-01
     132   2.843198484388E-04   2.897101217056E-01
     133   2.828250112848E-04   2.881869447055E-01
     134   2.809015072353E-04   2.862269739355E-01
     135   2.791724513798E-04   2.844651378024E-01
     136   2.769701634018E-04   2.822210977832E-01
     137   2.754109865452E-04   2.806323612973E-01
     138   2.741200853548E-04   2.793169865775E-01
     139   2.721400629350E-04   2.772994259345E-01
     140   2.697192670198E-04   2.748327353990E-01
     141   2.674434985363E-04   2.725138217954E-01
     142   2.653222259868E-04   2.703523331344E-01
     143   2.622395917867E-04   2.672112568635E-01
     144   2.593111877389E-04   2.642273347147E-01
     145   2.570021324459E-04   2.618745032341E-01
     146   2.537822778901E-04   2.585936051176E-01
     147   2.504271791932E-04   2.551748988361E-01
     148   2.462921698469E-04   2.509614959816E-01
     149   2.413151259109E-04   2.458900948384E-01
     150   2.371787504772E-04   2.416752999977E-01
     151   2.331145946081E-04   2.375340938950E-01
     152   2.285222705511E-04   2.328547063363E-01
     153   2.245312686214E-04   2.287880410608E-01
     154   2.207495761689E-04   2.249346534528E-01
     155   2.174241700342E-04   2.215462026596E-01
     156   2.143972008166E-04   2.184618466948E-01
     157   2.112249747280E-04   2.152294800089E-01
     158   2.090114308452E-04   2.129739706902E-01
     159   2.073508592492E-04   2.112819171743E-01
     160   2.048989742753E-04   2.087835481786E-01
     161   2.023619121693E-04   2.061983872216E-01
     162   2.002692591789E-04   2.040660607031E-01
     163   1.988219808460E-04   2.025913441673E-01
     164   1.973315858991E-04   2.010726935918E-01
     165   1.948190485156E-04   1.985125223087E-01
     166   1.918360745683E-04   1.954729956979E-01
     167   1.889593783653E-04   1.925417616963E-01
     168   1.867201498132E-04   1.902600807657E-01
     169   1.835163067117E-04   1.869954976564E-01
     170   1.796699806336E-04   1.830762510673E-01
     171   1.756630427006E-04   1.789933476660E-01
     172   1.718628497466E-04   1.751211088152E-01
     173   1.686925632947E-04   1.718907185386E-01
     174   1.649468679564E-04   1.680740104956E-01
     175   1.617844370119E-04   1.648516246550E-01
     176   1.597054795745E-04   1.627332533365E-01
     177   1.587728078888E-04   1.617828996097E-01
     178   1.580815807530E-04   1.610785678553E-01
     179   1.580957843199E-04   1.610930407003E-01
     180   1.583868414903E-04   1.613896158734E-01
     181   1.591248363449E-04   1.621416019916E-01
     182   1.602478525673E-04   1.632859088989E-01
     183   1.610189671485E-04   1.640716426435E-01
     184   1.608028891830E-04   1.638514681674E-01
     185   1.604119782082E-04   1.634531461132E-01
     186   1.600255011356E-04   1.630593420212E-01
     187   1.596409678457E-04   1.626675185631E-01
     188   1.593481751173E-04   1.623691749285E-01
     189   1.599422161696E-04   1.629744780985E-01
     190   1.604709401995E-04   1.635132259344E-01
     191   1.603776329067E-04   1.634181496768E-01
     192   1.605543453430E-04   1.635982123130E-01
     193   1.608349251756E-04   1.638841115138E-01
     194   1.599269261100E-04   1.629588981625E-01
     195   1.596695193202E-04   1.626966113303E-01
     196   1.600871527344E-04   1.631221624408E-01
     197   1.601133138717E-04   1.631488195536E-01
     198   1.595979750572E-04   1.626237106965E-01
     199   1.595927052750E-04   1.626183410073E-01
     200   1.603337172451E-04   1.633734014409E-01
     201   1.613778963546E-04   1.644373766031E-01
     202   1.621762078280E-04   1.652508228518E-01
     203   1.630846937917E-04   1.661765323320E-01
     204   1.636683274392E-04   1.667712307886E-01
     205   1.645665189049E-04   1.676864506027E-01
     206   1.660893764787E-04   1.692381792473E-01
     207   1.675985258902E-04   1.707759398436E-01
     208   1.690602431364E-04   1.722653690327E-01
     209   1.701425911828E-04   1.733682367571E-01
     210   1.708277233510E-04   1.740663579925E-01
     211   1.711931088588E-04   1.744386706555E-01
     212   1.716374347906E-04   1.748914203333E-01
     213   1.716810362383E-04   1.749358483984E-01
     214   1.724142434711E-04   1.756829561287E-01
     215   1.722441422881E-04   1.755096300852E-01
     216   1.715421645118E-04   1.747943438745E-01
     217   1.710702406930E-04   1.743134730956E-01
     218   1.704454565552E-04   1.736768439978E-01
     219   1.693553204460E-04   1.725660405607E-01
     220   1.671985857666E-04   1.703684174616E-01
     221   1.646372026213E-04   1.677584743752E-01
     222   1.615353370060E-04   1.645978020906E-01
     223   1.582453632565E-04   1.612454554268E-01
     224   1.560987294719E-04   1.590581247202E-01
     225   1.543071575586E-04   1.572325873196E-01
     226   1.527062170448E-04   1.556012954008E-01
     227   1.513680689788E-04   1.542377780763E-01
     228   1.510051404083E-04   1.538679689303E-01
     229   1.498831994467E-04   1.527247576691E-01
     230   1.477763653194E-04   1.505779811609E-01
     231   1.454380846935E-04   1.481953702794E-01
     232   1.445991029235E-04   1.473404826871E-01
     233   1.447327727900E-04   1.474766867315E-01
     234   1.452911749833E-04   1.480456753839E-01
     235   1.468919188680E-04   1.496767669457E-01
     236   1.480506562609E-04   1.508574722429E-01
     237   1.489581313812E-04   1.517821517156E-01
     238   1.493992825984E-04   1.522316664910E-01
     239   1.492199700904E-04   1.520489544898E-01
     240   1.493189960730E-04   1.521498578549E-01
     241   1.488960781959E-04   1.517189220959E-01
     242   1.478126651545E-04   1.506149691858E-01
     243   1.473227624678E-04   1.501157786870E-01
     244   1.457718705565E-04   1.485354842163E-01
     245   1.441213912107E-04   1.468537142845E-01
     246   1.416911111750E-04   1.443773598238E-01
     247   1.389284523242E-04   1.415623251497E-01
     248   1.365598669689E-04   1.391488350071E-01
     249   1.336729315284E-04   1.362071676476E-01
     250   1.303902165400E-04   1.328622173599E-01
     251   1.273502918793E-04   1.297646603365E-01
     252   1.242861604262E-04   1.266424375966E-01
     253   1.216452320292E-04   1.239514412012E-01
     254   1.190071215788E-04   1.212633161763E-01
     255   1.173099539064E-04   1.195339727779E-01
     256   1.165194292825E-04   1.187284610057E-01
     257   1.163745683317E-04   1.185808537108E-01
     258   1.163557621698E-04   1.185616910126E-01
     259   1.159007311314E-04   1.180980332756E-01
     260   1.154422987733E-04   1.176309097350E-01
     261   1.152699510268E-04   1.174552945365E-01
     262   1.142370025134E-04   1.164027628855E-01
     263   1.133074676211E-04   1.154556054208E-01
     264   1.125752319684E-04   1.147094876903E-01
     265   1.106374732042E-04   1.127349919578E-01
     266   1.083094944097E-04   1.103628782149E-01
     267   1.065595963799E-04   1.085798047714E-01
     268   1.043533940063E-04   1.063317761457E-01
     269   1.019352982608E-04   1.038678369709E-01
     270   9.932684973426E-05   1.012099362150E-01
     271   9.705618426032E-05   9.889622236624E-02
     272   9.501286535932E-05   9.681416523677E-02
     273   9.239285362946E-05   9.414448205673E-02
     274   8.979369347845E-05   9.149604576987E-02
     275   8.678572550782E-05   8.843105128692E-02
     276   8.460566588377E-05   8.620966103760E-02
     277   8.279191235441E-05   8.436152149117E-02
     278   8.028507265778E-05   8.180715591454E-02
     279   7.866145871588E-05   8.015276071387E-02
     280   7.798806391943E-05   7.946659937302E-02
     281   7.649002276609E-05   7.794015763060E-02
     282   7.477130381419E-05   7.618885437314E-02
     283   7.347552203296E-05   7.486850653388E-02
     284   7.130753879229E-05   7.265942161786E-02
     285   6.949957581461E-05   7.081718240319E-02
     286   6.680974699346E-05   6.807635850566E-02
     287   6.343340941507E-05   6.463601068569E-02
     288   6.051560192702E-05   6.166288599137E-02
     289   5.721145822145E-05   5.829610073058E-02
     290   5.487912191074E-05   5.591954685950E-02
     291   5.270093332768E-05   5.370006312327E-02
     292   4.988776727085E-05   5.083356370306E-02
     293   4.682780717228E-05   4.771559140026E-02
     294   4.276244062583E-05   4.357315166761E-02
     295   3.897512299033E-05   3.971403223174E-02
     296   3.588646173388E-05   3.656681464061E-02
     297   3.226185747301E-05   3.287349337824E-02
     298   3.065694630012E-05   3.123815552273E-02
     299   2.870050502733E-05   2.924462308958E-02
     300   2.739727632107E-05   2.791668714289E-02
     301   2.581595700084E-05   2.630538840580E-02
     302   2.402750777235E-05   2.448303289142E-02
     303   2.307546949285E-05   2.351294540953E-02
     304   2.160265248185E-05   2.201220602095E-02
     305   1.976336875142E-05   2.013805225955E-02
     306   1.896447412877E-05   1.932401180606E-02
     307   1.788794764885E-05   1.822707601621E-02
     308   1.686019026834E-05   1.717983391396E-02
     309   1.664980548480E-05   1.696546055388E-02
     310   1.707635438729E-05   1.740009617688E-02
     311   1.806027837520E-05   1.840267387186E-02
     312   1.966938591818E-05   2.004228765427E-02
     313   2.168212565018E-05   2.209318588006E-02
     314   2.386689040968E-05   2.431937046707E-02
     315   2.640674176179E-05   2.690737355012E-02
     316   2.915876661719E-05   2.971157262442E-02
     317   3.184733072294E-05   3.245110782945E-02
     318   3.501560436858E-05   3.567944713997E-02
     319   3.792995347083E-05   3.864904788274E-02
     320   3.882014947359E-05   3.955612065207E-02
     321   3.967665588547E-05   4.042886512697E-02
     322   3.998143931669E-05   4.073942678996E-02
     323   4.013407491531E-05   4.089495612812E-02
     324   3.936281663235E-05   4.010907595742E-02
     325   3.890501537613E-05   3.964259548345E-02
     326   3.868938009576E-05   3.942287208510E-02
     327   3.999369052177E-05   4.075191025931E-02
     328   4.075875466821E-05   4.153147886205E-02
     329   4.112171496549E-05   4.190132033627E-02
     330   4.111888721949E-05   4.189843898049E-02
     331   4.008264666587E-05   4.084255287704E-02
     332   3.843931622048E-05   3.916806737787E-02
     333   3.723740609042E-05   3.794337085397E-02
     334   3.595428969022E-05   3.663592851216E-02
     335   3.464186676210E-05   3.529862403510E-02
     336   3.382519882772E-05   3.446647331484E-02
     337   3.326217084218E-05   3.389277117230E-02
     338   3.339249195737E-05   3.402556297826E-02
     339   3.236362181555E-05   3.297718701843E-02
     340   3.135549677591E-05   3.194994945646E-02
     341   3.066096638171E-05   3.124225181898E-02
     342   2.985967820811E-05   3.042577243644E-02
     343   3.004918658236E-05   3.061887360215E-02
     344   3.085394145233E-05   3.143888540436E-02
     345   3.316024682507E-05   3.378891483036E-02
     346   3.550904363585E-05   3.618224126764E-02
     347   3.743544620392E-05   3.814516550777E-02
     348   3.943239828307E-05   4.017997677074E-02
     349   4.252148145693E-05   4.332762427819E-02
     350   4.526260685755E-05   4.612071726057E-02
     351   4.797950391348E-05   4.888912256557E-02
     352   4.961942706838E-05   5.056013617719E-02
     353   5.116982063297E-05   5.213992285320E-02
     354   5.292206134402E-05   5.392538339155E-02
     355   5.352495066413E-05   5.453970257912E-02
     356   5.437097121924E-05   5.540176240129E-02
     357   5.460752405101E-05   5.564279991611E-02
     358   5.402487991571E-05   5.504910973136E-02
     359   5.306775692628E-05   5.407384114115E-02
     360   5.146883136291E-05   5.244460237324E-02
     361   4.842340714538E-05   4.934144152974E-02
     362   4.507723940160E-05   4.593183551869E-02
     363   4.206210098980E-05   4.285953465388E-02
     364   3.850718052560E-05   3.923721828732E-02
     365   3.463029348759E-05   3.528683134885E-02
     366   3.107449826168E-05   3.166362363643E-02
     367   2.768386389800E-05   2.820870798577E-02
     368   2.488018194450E-05   2.535187247312E-02
     369   2.279804910009E-05   2.323026554673E-02
     370   2.041656550258E-05   2.080363263079E-02
     371   1.864252019093E-05   1.899595410968E-02
     372   1.706900559811E-05   1.739260806580E-02
     373   1.574038397257E-05   1.603879778857E-02
     374   1.370330556471E-05   1.396309946252E-02
     375   1.060609760385E-05   1.080717313443E-02
     376   7.820151572587E-06   7.968409790209E-03
     377   5.215462833806E-06   5.314340101931E-03
     378   2.926869823587E-06   2.982358837992E-03
     379   3.232109495063E-07   3.293385390862E-04
     380  -2.052243807737E-06  -2.091151238908E-03
     381  -4.440518492149E-06  -4.524703990454E-03
     382  -6.597188809753E-06  -6.722261507535E-03
     383  -9.633309959237E-06  -9.815942910926E-03
     384  -1.295048606363E-05  -1.319600764506E-02
     385  -1.526687275364E-05  -1.555630951482E-02
     386  -1.815097594783E-05  -1.849509093296E-02
     387  -2.186317887023E-05  -2.227767159467E-02
     388  -2.529130429938E-05  -2.577078908455E-02
     389  -2.906746060915E-05  -2.961853559289E-02
     390  -3.334665265659E-05  -3.397885463383E-02
     391  -3.707772653309E-05  -3.778066401432E-02
     392  -3.972378773814E-05  -4.047689052810E-02
     393  -4.162909770013E-05  -4.241832227832E-02
     394  -4.375551536208E-05  -4.458505359526E-02
     395  -4.578930778192E-05  -4.665740363593E-02
     396  -4.736676008038E-05  -4.826476203839E-02
     397  -4.815381674230E-05  -4.906674010134E-02
     398  -4.839124886078E-05  -4.930867357282E-02
     399  -4.868743321188E-05  -4.961047313017E-02
     400  -4.930333730576E-05  -5.023805383189E-02
     401  -5.005487134020E-05  -5.100383581222E-02
     402  -5.058330956163E-05  -5.154229242116E-02
     403  -5.076903485759E-05  -5.173153878716E-02
     404  -5.105025480830E-05  -5.201809024177E-02
     405  -5.160866873108E-05  -5.258709084591E-02
     406  -5.309903610116E-05  -5.410571332176E-02
     407  -5.353615816692E-05  -5.455112255917E-02
     408  -5.400633639733E-05  -5.503021465599E-02
     409  -5.473750022115E-05  -5.577524023738E-02
     410  -5.655685534267E-05  -5.762908757367E-02
     411  -5.926938598472E-05  -6.039304368420E-02
     412  -6.102666165044E-05  -6.218363463233E-02
     413  -6.349900811053E-05  -6.470285303296E-02
     414  -6.706625794485E-05  -6.833773251580E-02
     415  -7.095069803328E-05  -7.229581569907E-02
     416  -7.545570771370E-05  -7.688623353296E-02
     417  -8.029351647259E-05  -8.181575981127E-02
     418  -8.469028474536E-05  -8.629588414451E-02
     419  -8.865409361272E-05  -9.033484081844E-02
     420  -9.147546493877E-05  -9.320970106733E-02
     421  -9.370146421107E-05  -9.547790191097E-02
     422  -9.432347807551E-05  -9.611170821525E-02
     423  -9.463251255806E-05  -9.642660152305E-02
     424  -9.402941385564E-05  -9.581206898359E-02
     425  -9.304105250523E-05  -9.480496980045E-02
     426  -9.287008907065E-05  -9.463076515835E-02
     427  -9.253423458495E-05  -9.428854338079E-02
     428  -9.166926258377E-05  -9.340717282186E-02
     429  -9.141759846108E-05  -9.315073752895E-02
     430  -9.067206291055E-05  -9.239106775470E-02
     431  -9.000278039220E-05  -9.170909665450E-02
     432  -8.877767943469E-05  -9.046076964023E-02
     433  -8.770522302754E-05  -8.936798108556E-02
     434  -8.683807297096E-05  -8.848439117859E-02
     435  -8.683341327489E-05  -8.847964314175E-02
     436  -8.572767441228E-05  -8.735294114672E-02
     437  -8.507590762233E-05  -8.668881784658E-02
     438  -8.513039607030E-05  -8.674433931292E-02
     439  -8.504116126308E-05  -8.665341274905E-02
     440  -8.474131576438E-05  -8.634788263428E-02
     441  -8.409410007509E-05  -8.568839671678E-02
     442  -8.333750082784E-05  -8.491745349488E-02
     443  -8.405524869705E-05  -8.564880877552E-02
     444  -8.602195451739E-05  -8.765280035646E-02
     445  -8.828315382076E-05  -8.995686857040E-02
     446  -9.057658754232E-05  -9.229378231823E-02
     447  -9.291082370879E-05  -9.467227206347E-02
     448  -9.470844103172E-05  -9.650396948546E-02
     449  -9.668068472153E-05  -9.851360392550E-02
     450  -9.840474188519E-05  -1.002703465991E-01
     451  -9.950991750067E-05  -1.013964746687E-01
     452  -1.009941362020E-04  -1.029088319064E-01
     453  -1.023037721588E-04  -1.042432965754E-01
     454  -1.030283778101E-04  -1.049816396512E-01
     455  -1.049606821356E-04  -1.069505775371E-01
     456  -1.063326457571E-04  -1.083485515089E-01
     457  -1.066297889828E-04  -1.086513281196E-01
     458  -1.068529645637E-04  -1.088787347712E-01
     459  -1.066315160136E-04  -1.086530878923E-01
     460  -1.058429992384E-04  -1.078496220346E-01
     461  -1.049587512546E-04  -1.069486100496E-01
     462  -1.045502020758E-04  -1.065323153978E-01
     463  -1.034660773596E-04  -1.054276373205E-01
     464  -1.029692450868E-04  -1.049213858611E-01
     465  -1.036437826741E-04  -1.056087116585E-01
     466  -1.034744652366E-04  -1.054361842191E-01
     467  -1.025170332412E-04  -1.044606007646E-01
     468  -1.022359760142E-04  -1.041742151187E-01
     469  -1.008837791517E-04  -1.027963826537E-01
     470  -9.967164975133E-05  -1.015612731176E-01
     471  -1.000201282108E-04  -1.019163582003E-01
     472  -1.002395508681E-04  -1.021399407786E-01
     473  -1.004022465463E-04  -1.023057209202E-01
     474  -1.006404912572E-04  -1.025484823895E-01
     475  -1.006649414424E-04  -1.025733961133E-01
     476  -9.978322331461E-05  -1.016749619465E-01
     477  -9.924978241094E-05  -1.011314078121E-01
     478  -9.936838262499E-05  -1.012522565064E-01
     479  -9.988370458379E-05  -1.017773481882E-01
     480  -1.006608903586E-04  -1.025692682270E-01
     481  -1.008042777390E-04  -1.027153740147E-01
     482  -1.007303069939E-04  -1.026400008965E-01
     483  -1.018854483137E-04  -1.038170419444E-01
     484  -1.037972585916E-04  -1.057650972467E-01
     485  -1.052834687612E-04  -1.072794837078E-01
     486  -1.063707246457E-04  -1.083873523155E-01
     487  -1.087989083632E-04  -1.108615707148E-01
     488  -1.111746228308E-04  -1.132823251269E-01
     489  -1.131612038183E-04  -1.153065686781E-01
     490  -1.142655829158E-04  -1.164318851289E-01
     491  -1.143853755712E-04  -1.165539488714E-01
     492  -1.141130325345E-04  -1.162764426237E-01
     493  -1.142287344845E-04  -1.163943381073E-01
     494  -1.140125153244E-04  -1.161740197596E-01
     495  -1.131938922251E-04  -1.153398768075E-01
     496  -1.117657205200E-04  -1.138846291322E-01
     497  -1.108960940411E-04  -1.129985158537E-01
     498  -1.099492945658E-04  -1.120337664958E-01
     499  -1.095359970688E-04  -1.116126335048E-01
     500  -1.088035852737E-04  -1.108663362925E-01
     501  -1.077789976107E-04  -1.098223240008E-01
     502  -1.073418753621E-04  -1.093769145771E-01
     503  -1.080586499530E-04  -1.101072781276E-01
     504  -1.082982788770E-04  -1.103514500526E-01
     505  -1.089542528888E-04  -1.110198603372E-01
     506  -1.094167222541E-04  -1.114910974205E-01
     507  -1.101297001066E-04  -1.122175922521E-01
     508  -1.107289689388E-04  -1.128282223128E-01
     509  -1.109563876207E-04  -1.130599525081E-01
     510  -1.104595769616E-04  -1.125537230722E-01
     511  -1.105889155184E-04  -1.126855136919E-01
     512  -1.108716017048E-04  -1.129735591798E-01
     513  -1.114705894026E-04  -1.135839027762E-01
     514  -1.115242661955E-04  -1.136385971997E-01
     515  -1.121787399265E-04  -1.143054787605E-01
     516  -1.123772297287E-04  -1.145077316283E-01
     517  -1.127198965352E-04  -1.148568948780E-01
     518  -1.126961489164E-04  -1.148326970403E-01
     519  -1.115993864863E-04  -1.137151416573E-01
     520  -1.104453175994E-04  -1.125391933741E-01
     521  -1.109793814384E-04  -1.130833822538E-01
     522  -1.114066001395E-04  -1.135187003737E-01
     523  -1.124412747814E-04  -1.145729908781E-01
     524  -1.125814577974E-04  -1.147158315516E-01
     525  -1.129026990051E-04  -1.150431630055E-01
     526  -1.127118404555E-04  -1.148486860672E-01
     527  -1.116076985374E-04  -1.137236112923E-01
     528  -1.105511555679E-04  -1.126470378700E-01
     529  -1.102140753819E-04  -1.123035671547E-01
     530  -1.102149762447E-04  -1.123044850965E-01
     531  -1.097963905124E-04  -1.118779636133E-01
     532  -1.094305421381E-04  -1.115051793085E-01
     533  -1.089790254299E-04  -1.110451025281E-01
     534  -1.086949814983E-04  -1.107556735542E-01
     535  -1.090175568196E-04  -1.110843644146E-01
     536  -1.092229669267E-04  -1.112936687859E-01
     537  -1.093152233513E-04  -1.113876742524E-01
     538  -1.098031793672E-04  -1.118848811746E-01
     539  -1.109425461273E-04  -1.130458486010E-01
     540  -1.119738514748E-04  -1.140967059343E-01
     541  -1.123878813319E-04  -1.145185851698E-01
     542  -1.119063022047E-04  -1.140278760324E-01
     543  -1.120302569496E-04  -1.141541807714E-01
     544  -1.110018087722E-04  -1.131062347758E-01
     545  -1.101728680685E-04  -1.122615786132E-01
     546  -1.092366485195E-04  -1.113076097609E-01
     547  -1.079208834045E-04  -1.099668997342E-01
     548  -1.080032571590E-04  -1.100508351701E-01
     549  -1.089052543517E-04  -1.109699328620E-01
     550  -1.099762329692E-04  -1.120612156104E-01
     551  -1.107309815628E-04  -1.128302730931E-01
     552  -1.096358887947E-04  -1.117144190264E-01
     553  -1.085577274189E-04  -1.106158173455E-01
     554  -1.090471731848E-04  -1.111145422611E-01
     555  -1.092468680815E-04  -1.113180230702E-01
     556  -1.092889419154E-04  -1.113608945603E-01
     557  -1.082322036751E-04  -1.102841221651E-01
     558  -1.094658885585E-04  -1.115411958434E-01
     559  -1.120595350048E-04  -1.141840138941E-01
     560  -1.151195735225E-04  -1.173020661028E-01
     561  -1.166784930738E-04  -1.188905404053E-01
     562  -1.181744766256E-04  -1.204148855371E-01
     563  -1.185894513315E-04  -1.208377275343E-01
     564  -1.180914014781E-04  -1.203302354108E-01
     565  -1.168662022774E-04  -1.190818082908E-01
     566  -1.151533564723E-04  -1.173364895261E-01
     567  -1.142689435754E-04  -1.164353095015E-01
     568  -1.134022227262E-04  -1.155521569391E-01
     569  -1.127628927194E-04  -1.149007062046E-01
     570  -1.113850766831E-04  -1.134967688653E-01
     571  -1.099684311666E-04  -1.120532658975E-01
     572  -1.083134530404E-04  -1.103669118952E-01
     573  -1.071844828041E-04  -1.092165380948E-01
     574  -1.063124403430E-04  -1.083279630308E-01
     575  -1.052720875563E-04  -1.072678867325E-01
     576  -1.045016766898E-04  -1.064828700440E-01
     577  -1.032712431165E-04  -1.052291093157E-01
     578  -1.019910698954E-04  -1.039246659511E-01
     579  -1.006789499406E-04  -1.025876701913E-01
     580  -1.008339656562E-04  -1.027456247698E-01
     581  -1.007190186011E-04  -1.026284984928E-01
     582  -1.000362215258E-04  -1.019327566202E-01
     583  -9.902674645342E-05  -1.009041434309E-01
     584  -9.812636577960E-05  -9.998669290462E-02
     585  -9.725602179870E-05  -9.909984852137E-02
     586  -9.500624931456E-05  -9.680742376183E-02
     587  -9.293279435470E-05  -9.469465923952E-02
     588  -9.112622065091E-05  -9.285383563726E-02
     589  -8.965139295698E-05  -9.135104744626E-02
     590  -8.793623168241E-05  -8.960336931429E-02
     591  -8.565280498104E-05  -8.727665230458E-02
     592  -8.381601342928E-05  -8.540503796978E-02
     593  -8.265698532558E-05  -8.422403645044E-02
     594  -8.126386036059E-05  -8.280449994824E-02
     595  -8.012549435144E-05  -8.164455224544E-02
     596  -7.928832903157E-05  -8.079151554034E-02
     597  -7.842562467657E-05  -7.991245561872E-02
     598  -7.705443199402E-05  -7.851526720179E-02
     599  -7.633993285178E-05  -7.778722223907E-02
     600  -7.616869012374E-05  -7.761273300853E-02
     601  -7.593589945874E-05  -7.737552898545E-02
     602  -7.486166061577E-05  -7.628092420268E-02
     603  -7.434460864189E-05  -7.575406970728E-02
     604  -7.379462630772E-05  -7.519366054190E-02
     605  -7.272771983165E-05  -7.410652713658E-02
     606  -7.196657825794E-05  -7.333095547261E-02
     607  -7.093247305664E-05  -7.227724520450E-02
     608  -7.050307945581E-05  -7.183971095201E-02
     609  -6.932698224883E-05  -7.064131672508E-02
     610  -6.819522694996E-05  -6.948810506160E-02
     611  -6.705154465453E-05  -6.832274028380E-02
     612  -6.610295962509E-05  -6.735617152036E-02
     613  -6.576617848399E-05  -6.701300551942E-02
     614  -6.597656280287E-05  -6.722737840602E-02
     615  -6.577200688393E-05  -6.701894441699E-02
     616  -6.547830574446E-05  -6.671967514919E-02
     617  -6.511273728716E-05  -6.634717606818E-02
     618  -6.391886562426E-05  -6.513067040860E-02
     619  -6.487596516466E-05  -6.610591510522E-02
     620  -6.597744635017E-05  -6.722827870404E-02
     621  -6.722423797018E-05  -6.849870760290E-02
     622  -6.837377082367E-05  -6.967003385646E-02
     623  -7.022209961128E-05  -7.155340415563E-02
     624  -7.212457831572E-05  -7.349195097194E-02
     625  -7.434655776254E-05  -7.575605578031E-02
     626  -7.691033360658E-05  -7.836843692739E-02
     627  -7.931186955721E-05  -8.081550235866E-02
     628  -8.226087774912E-05  -8.382041927487E-02
     629  -8.466403584574E-05  -8.626913760556E-02
     630  -8.685643550285E-05  -8.850310183625E-02
     631  -8.895618947630E-05  -9.064266396159E-02
     632  -9.119730271664E-05  -9.292626531119E-02
     633  -9.307807141063E-05  -9.484269052817E-02
     634  -9.510210840350E-05  -9.690510019377E-02
     635  -9.754143965065E-05  -9.939067746307E-02
     636  -9.864212387628E-05  -1.005122289929E-01
     637  -9.879402722339E-05  -1.006670121971E-01
     638  -9.726734812036E-05  -9.911138957292E-02
     639  -9.604722705051E-05  -9.786813685742E-02
     640  -9.432326659943E-05  -9.611149272990E-02
     641  -9.282764568561E-05  -9.458751711107E-02
     642  -9.126649879845E-05  -9.299677324581E-02
     643  -9.051540757610E-05  -9.223144247261E-02
     644  -8.954227066176E-05  -9.123985635776E-02
     645  -8.906930914579E-05  -9.075792820850E-02
     646  -8.891188979383E-05  -9.059752442430E-02
     647  -8.915186192822E-05  -9.084204606653E-02
     648  -8.939121084395E-05  -9.108593267482E-02
     649  -8.948395154432E-05  -9.118043159826E-02
     650  -8.952132454645E-05  -9.121851313585E-02
     651  -8.939545068413E-05  -9.109025289594E-02
     652  -8.977914198198E-05  -9.148121839908E-02
     653  -9.105887080052E-05  -9.278520893581E-02
     654  -9.216779182981E-05  -9.391515342657E-02
     655  -9.297551255240E-05  -9.473818730948E-02
     656  -9.298685902443E-05  -9.474974889341E-02
     657  -9.260177547888E-05  -9.435736474767E-02
     658  -9.193842725022E-05  -9.368144044230E-02
     659  -9.137319673150E-05  -9.310549400990E-02
     660  -9.012394471266E-05  -9.183255806678E-02
     661  -8.943289296003E-05  -9.112840502063E-02
     662  -8.836877821850E-05  -9.004411627691E-02
     663  -8.731735765400E-05  -8.897276237258E-02
     664  -8.547316411558E-05  -8.709360572066E-02
     665  -8.241499338945E-05  -8.397745671408E-02
     666  -8.011399594655E-05  -8.163283584823E-02
     667  -7.774577784715E-05  -7.921971992414E-02
     668  -7.630535630910E-05  -7.775199017756E-02
     669  -7.506725169698E-05  -7.649041297910E-02
     670  -7.320035760722E-05  -7.458812540781E-02
     671  -7.177744693837E-05  -7.313823850996E-02
     672  -7.070194496645E-05  -7.204234665123E-02
     673  -7.038775535701E-05  -7.172220048314E-02
     674  -6.964498957783E-05  -7.096535299090E-02
     675  -6.827103914730E-05  -6.956535454327E-02
     676  -6.649615925695E-05  -6.775682562111E-02
     677  -6.456999550204E-05  -6.579414472168E-02
     678  -6.313903549631E-05  -6.433605588373E-02
     679  -6.111827821692E-05  -6.227698811000E-02
     680  -6.003468676970E-05  -6.117285341179E-02
     681  -5.920068341923E-05  -6.032303862223E-02
     682  -5.906385144516E-05  -6.018361252139E-02
     683  -5.887017485970E-05  -5.998626412150E-02
     684  -5.955387147639E-05  -6.068292258948E-02
     685  -5.988422435398E-05  -6.101953845678E-02
     686  -5.964249684702E-05  -6.077322816278E-02
     687  -5.994790414329E-05  -6.108442551836E-02
     688  -6.072729172057E-05  -6.187858910246E-02
     689  -6.055204197220E-05  -6.170001688456E-02
     690  -6.006667535725E-05  -6.120544845446E-02
     691  -5.864742237944E-05  -5.975928859193E-02
     692  -5.643463823290E-05  -5.750455341279E-02
     693  -5.501929346001E-05  -5.606237584883E-02
     694  -5.290025516578E-05  -5.390316380123E-02
     695  -5.060235112951E-05  -5.156169498830E-02
     696  -4.993154148760E-05  -5.087816781259E-02
     697  -4.942997080716E-05  -5.036708811249E-02
     698  -4.993104554788E-05  -5.087766247061E-02
     699  -5.039963636848E-05  -5.135513706273E-02
     700  -4.984840971821E-05  -5.079345999090E-02
     701  -4.874832629687E-05  -4.967252065573E-02
     702  -4.899929295652E-05  -4.992824526276E-02
     703  -4.863385379011E-05  -4.955587792380E-02
     704  -4.717216729427E-05  -4.806648006807E-02
     705  -4.630679376773E-05  -4.718470037146E-02
     706  -4.522574818069E-05  -4.608315979908E-02
     707  -4.523564113141E-05  -4.609324030514E-02
     708  -4.471958640037E-05  -4.556740195880E-02
     709  -4.489749903547E-05  -4.574868754773E-02
     710  -4.398241692543E-05  -4.481625686824E-02
     711  -4.202199345063E-05  -4.281866673657E-02
     712  -3.910337267290E-05  -3.984471333384E-02
     713  -3.681950384578E-05  -3.751754581636E-02
     714  -3.535859706185E-05  -3.602894245469E-02
     715  -3.418111613077E-05  -3.482913827035E-02
     716  -3.339921529616E-05  -3.403241378136E-02
     717  -3.225479842135E-05  -3.286630049767E-02
     718  -3.179510220574E-05  -3.239788913876E-02
     719  -3.151529145932E-05  -3.211277360480E-02
     720  -3.025973922265E-05  -3.083341800128E-02
     721  -2.945216638851E-05  -3.001053481057E-02
     722  -2.868069473006E-05  -2.922443721912E-02
     723  -2.795902156201E-05  -2.848908222193E-02
     724  -2.851951061047E-05  -2.906019729298E-02
     725  -2.958637530984E-05  -3.014728812958E-02
     726  -3.041079082726E-05  -3.098733331531E-02
     727  -3.107349330812E-05  -3.166259963047E-02
     728  -3.131338485477E-05  -3.190703915715E-02
     729  -3.125783754944E-05  -3.185043875912E-02
     730  -3.102108365063E-05  -3.160919636533E-02
     731  -3.139247898064E-05  -3.198763278773E-02
     732  -3.241965592624E-05  -3.303428345091E-02
     733  -3.247412312317E-05  -3.308978326331E-02
     734  -3.239049391675E-05  -3.300456857392E-02
     735  -3.230567566118E-05  -3.291814229282E-02
     736  -3.276940698824E-05  -3.339066526278E-02
     737  -3.306016960746E-05  -3.368694030043E-02
     738  -3.316574152189E-05  -3.379451369830E-02
     739  -3.253505302767E-05  -3.315186830642E-02
     740  -3.176811958047E-05  -3.237039496382E-02
     741  -3.127988141979E-05  -3.187290054783E-02
     742  -3.025750487510E-05  -3.083114129389E-02
     743  -3.028354705453E-05  -3.085767719355E-02
     744  -3.150129735031E-05  -3.209851418870E-02
     745  -3.289364893245E-05  -3.351726264589E-02
     746  -3.447631728975E-05  -3.512993599574E-02
     747  -3.575500283822E-05  -3.643286348359E-02
     748  -3.759649449351E-05  -3.830926702876E-02
     749  -3.886893596619E-05  -3.960583206261E-02
     750  -4.038582275035E-05  -4.115147672043E-02
     751  -4.149170718907E-05  -4.227832705146E-02
     752  -4.150161722661E-05  -4.228842496829E-02
     753  -4.211229087171E-05  -4.291067605986E-02
     754  -4.229150466732E-05  -4.309328747732E-02
     755  -4.219477817528E-05  -4.299472719764E-02
     756  -4.219526552095E-05  -4.299522378265E-02
     757  -4.272363573756E-05  -4.353361109750E-02
     758  -4.383309632767E-05  -4.466410537834E-02
     759  -4.333158987117E-05  -4.415309111976E-02
     760  -4.237738341340E-05  -4.318079435423E-02
     761  -4.203292062983E-05  -4.282980107852E-02
     762  -4.179238123560E-05  -4.258470142206E-02
     763  -4.195728957177E-05  -4.275273617027E-02
     764  -4.295335250719E-05  -4.376768294881E-02
     765  -4.397327466881E-05  -4.480694128829E-02
     766  -4.506767074388E-05  -4.592208545373E-02
     767  -4.688903231907E-05  -4.777797728300E-02
     768  -4.973063966975E-05  -5.067345720087E-02
     769  -5.224487607781E-05  -5.323535971937E-02
     770  -5.469442419781E-05  -5.573134755795E-02
     771  -5.655915694980E-05  -5.763143281578E-02
     772  -5.833029936728E-05  -5.943615340825E-02
     773  -5.928090771370E-05  -6.040478384770E-02
     774  -6.082106039747E-05  -6.197413549132E-02
     775  -6.239674188844E-05  -6.357968951445E-02
     776  -6.419268297719E-05  -6.540967892340E-02
     777  -6.623294281598E-05  -6.748861899548E-02
     778  -6.823383342875E-05  -6.952744346070E-02
     779  -7.130956870821E-05  -7.266149001791E-02
     780  -7.276453004071E-05  -7.414403521140E-02
     781  -7.402461589509E-05  -7.542801038315E-02
     782  -7.451042356054E-05  -7.592302822540E-02
     783  -7.406105247324E-05  -7.546513774358E-02
     784  -7.435521983545E-05  -7.576488207299E-02
     785  -7.451525230749E-05  -7.592794851807E-02
     786  -7.494753303819E-05  -7.636842463604E-02
     787  -7.642325982231E-05  -7.787212896263E-02
     788  -7.781277680619E-05  -7.928798908187E-02
     789  -7.937398097811E-05  -8.087879131793E-02
     790  -7.986187410865E-05  -8.137593416252E-02
     791  -8.122598706148E-05  -8.276590862880E-02
     792  -8.257400601836E-05  -8.413948398136E-02
     793  -8.355469805997E-05  -8.513876845725E-02
     794  -8.462742349013E-05  -8.623183113520E-02
     795  -8.567317176186E-05  -8.729740520868E-02
     796  -8.779665321165E-05  -8.946114464734E-02
     797  -9.011263298438E-05  -9.182103188529E-02
     798  -9.256742949772E-05  -9.432236761878E-02
     799  -9.478354305756E-05  -9.658049533185E-02
     800  -9.681425995074E-05  -9.864971153854E-02
     801  -9.925472400201E-05  -1.011364430882E-01
     802  -1.009947680330E-04  -1.029094757159E-01
     803  -1.030797919276E-04  -1.050340285025E-01
     804  -1.040144749416E-04  -1.059864316894E-01
     805  -1.046449607662E-04  -1.066288705693E-01
     806  -1.052547387056E-04  -1.072502089739E-01
     807  -1.058167018121E-04  -1.078228260489E-01
     808  -1.056983724822E-04  -1.077022533743E-01
     809  -1.064930706542E-04  -1.085120178188E-01
     810  -1.064004165974E-04  -1.084176071815E-01
     811  -1.052875212319E-04  -1.072836130072E-01
     812  -1.040430440573E-04  -1.060155424321E-01
     813  -1.034953182749E-04  -1.054574325993E-01
     814  -1.034609816809E-04  -1.054224450356E-01
     815  -1.032959012033E-04  -1.052542348824E-01
     816  -1.031425854782E-04  -1.050980125236E-01
     817  -1.028048843128E-04  -1.047539090561E-01
     818  -1.022022169977E-04  -1.041398160824E-01
     819  -1.017250858813E-04  -1.036536392834E-01
     820  -1.001653402074E-04  -1.020643231963E-01
     821  -9.836349980348E-05  -1.002283226301E-01
     822  -9.687738986114E-05  -9.871403829632E-02
     823  -9.465496686236E-05  -9.644948152692E-02
     824  -9.288136053915E-05  -9.464225031680E-02
     825  -9.011490427938E-05  -9.182334624059E-02
     826  -8.734081942366E-05  -8.899666894182E-02
     827  -8.421272890703E-05  -8.580927457152E-02
     828  -8.129295808708E-05  -8.283414932351E-02
     829  -7.902336434566E-05  -8.052152752570E-02
     830  -7.628530579513E-05  -7.773155953624E-02
     831  -7.473456046461E-05  -7.615141442535E-02
     832  -7.395949037513E-05  -7.536165018207E-02
     833  -7.288438566700E-05  -7.426616311865E-02
     834  -7.307046463058E-05  -7.445576985726E-02
     835  -7.337182131705E-05  -7.476283980962E-02
     836  -7.342511384943E-05  -7.481714268761E-02
     837  -7.393053726665E-05  -7.533214816655E-02
     838  -7.479104046969E-05  -7.620896520570E-02
     839  -7.601033856722E-05  -7.745137934657E-02
     840  -7.720604014324E-05  -7.866974961167E-02
     841  -7.859445134210E-05  -8.008448298188E-02
     842  -7.976191883590E-05  -8.127408388935E-02
     843  -8.032007185452E-05  -8.184281864298E-02
     844  -8.201262796280E-05  -8.356746304897E-02
     845  -8.244821274482E-05  -8.401130585807E-02
     846  -8.186982050671E-05  -8.342194818003E-02
     847  -8.035708351045E-05  -8.188053198380E-02
     848  -7.834794629460E-05  -7.983330457240E-02
     849  -7.668494034657E-05  -7.813877055289E-02
     850  -7.491734346725E-05  -7.633766271660E-02
     851  -7.362031671637E-05  -7.501604630496E-02
     852  -7.289044564252E-05  -7.427233798211E-02
     853  -7.208968077088E-05  -7.345639182256E-02
     854  -7.136467026889E-05  -7.271763622064E-02
     855  -7.083854009904E-05  -7.218153142044E-02
     856  -7.007020718893E-05  -7.139863208323E-02
     857  -6.990974026362E-05  -7.123512294831E-02
     858  -7.017774213760E-05  -7.150820573149E-02
     859  -6.931500810127E-05  -7.062911556583E-02
     860  -6.920959824996E-05  -7.052170730356E-02
     861  -6.974347380196E-05  -7.106570432661E-02
     862  -7.068441464732E-05  -7.202448398383E-02
     863  -7.148034479523E-05  -7.283550376062E-02
     864  -7.181432521584E-05  -7.317581594366E-02
     865  -7.301239323238E-05  -7.439659751339E-02
     866  -7.399344918444E-05  -7.539625279892E-02
     867  -7.602921048795E-05  -7.747060905031E-02
     868  -7.762818287803E-05  -7.909989553269E-02
     869  -7.911032925124E-05  -8.061014115404E-02
     870  -8.114116041401E-05  -8.267947379670E-02
     871  -8.188066377389E-05  -8.343299701912E-02
     872  -8.299493977211E-05  -8.456839800090E-02
     873  -8.208037149728E-05  -8.363649089816E-02
     874  -8.200405488821E-05  -8.355872744189E-02
     875  -8.185304387244E-05  -8.340485348621E-02
     876  -8.007294002454E-05  -8.159100156819E-02
     877  -7.888415075276E-05  -8.037967465415E-02
     878  -7.752586402554E-05  -7.899563686988E-02
     879  -7.603205004728E-05  -7.747350244338E-02
     880  -7.602929642555E-05  -7.747069661715E-02
     881  -7.550652229092E-05  -7.693801147751E-02
     882  -7.481094156366E-05  -7.622924359425E-02
     883  -7.457225613709E-05  -7.598603305386E-02
     884  -7.400891627061E-05  -7.541201311759E-02
     885  -7.394105013244E-05  -7.534286034034E-02
     886  -7.405296596470E-05  -7.545689792710E-02
     887  -7.465237496942E-05  -7.606767081778E-02
     888  -7.647587363883E-05  -7.792574025734E-02
     889  -7.792949688010E-05  -7.940692199141E-02
     890  -7.870767762755E-05  -8.019985586603E-02
     891  -7.913719740852E-05  -8.063751869085E-02
     892  -8.135332628113E-05  -8.289566200700E-02
     893  -8.407951359532E-05  -8.567353369947E-02
     894  -8.674871208383E-05  -8.839333614452E-02
     895  -8.949731381083E-05  -9.119404719309E-02
     896  -9.207709609329E-05  -9.382273823640E-02
     897  -9.400071435427E-05  -9.578282538320E-02
     898  -9.572063656337E-05  -9.753535470979E-02
     899  -9.691964346792E-05  -9.875709296743E-02
     900  -9.652518996963E-05  -9.835516122884E-02
     901  -9.596238508410E-05  -9.778168641596E-02
     902  -9.417031712441E-05  -9.595564356472E-02
     903  -9.164418722766E-05  -9.338162207501E-02
     904  -8.867877449981E-05  -9.035998961773E-02
     905  -8.603815694673E-05  -8.766930995930E-02
     906  -8.364317539703E-05  -8.522892319047E-02
     907  -8.187782537521E-05  -8.343010480870E-02
     908  -7.939474417934E-05  -8.089994815797E-02
     909  -7.696648574729E-05  -7.842565362756E-02
     910  -7.544086938762E-05  -7.687111389470E-02
     911  -7.324624170889E-05  -7.463487940248E-02
     912  -7.160495829126E-05  -7.296247973961E-02
     913  -6.979612131858E-05  -7.111934996033E-02
     914  -6.913387800032E-05  -7.044455151279E-02
     915  -6.798053768352E-05  -6.926934561216E-02
     916  -6.724124599288E-05  -6.851603807191E-02
     917  -6.723378523220E-05  -6.850843586653E-02
     918  -6.755243127098E-05  -6.883312295110E-02
     919  -6.756261287793E-05  -6.884349758588E-02
     920  -6.818645273848E-05  -6.947916450437E-02
     921  -6.768558783428E-05  -6.896880396096E-02
     922  -6.788139450920E-05  -6.916832283357E-02
     923  -6.794961697815E-05  -6.923783869710E-02
     924  -6.806825577837E-05  -6.935872670910E-02
     925  -6.771331875867E-05  -6.899706062163E-02
     926  -6.801422862855E-05  -6.930367528644E-02
     927  -6.904221847218E-05  -7.035115425895E-02
     928  -6.910063544497E-05  -7.041067872898E-02
     929  -6.769411959221E-05  -6.897749746808E-02
     930  -6.582584179228E-05  -6.707379995358E-02
     931  -6.579187037638E-05  -6.703918449114E-02
     932  -6.483647351852E-05  -6.606567475734E-02
     933  -6.553804183959E-05  -6.678054375012E-02
     934  -6.627255189920E-05  -6.752897900687E-02
     935  -6.754410156848E-05  -6.882463533007E-02
     936  -6.765305581144E-05  -6.893565518029E-02
     937  -6.740830701570E-05  -6.868626631845E-02
     938  -6.770107375654E-05  -6.898458347283E-02
     939  -6.717003441128E-05  -6.844347642669E-02
     940  -6.637863358648E-05  -6.763707184210E-02
     941  -6.509533917075E-05  -6.632944810987E-02
     942  -6.339852800854E-05  -6.460046798057E-02
     943  -6.236484230363E-05  -6.354718516188E-02
     944  -6.267301829155E-05  -6.386120369929E-02
     945  -6.344162665080E-05  -6.464438370774E-02
     946  -6.473246904318E-05  -6.595969851483E-02
     947  -6.671476921466E-05  -6.797958009218E-02
     948  -6.820241815111E-05  -6.949543259703E-02
     949  -6.902840665304E-05  -7.033708058867E-02
     950  -7.026227000367E-05  -7.159433611775E-02
     951  -7.034920105876E-05  -7.168291525385E-02
     952  -6.973690773793E-05  -7.105901377996E-02
     953  -6.896172808147E-05  -7.026913789247E-02
     954  -6.900610584836E-05  -7.031435699454E-02
     955  -6.797558736990E-05  -6.926430144810E-02
     956  -6.527828170349E-05  -6.651585895566E-02
     957  -6.330311854223E-05  -6.450324969543E-02
     958  -6.085315485127E-05  -6.200683840730E-02
     959  -5.848723347122E-05  -5.959606274487E-02
     960  -5.504659920692E-05  -5.609019927129E-02
     961  -5.124422712743E-05  -5.221573998199E-02
     962  -4.831743221874E-05  -4.923345747916E-02
     963  -4.477378244886E-05  -4.562262548220E-02
     964  -4.186569730378E-05  -4.265940745175E-02
     965  -3.855180449466E-05  -3.928268825919E-02
     966  -3.608718834220E-05  -3.677134672109E-02
     967  -3.314021939112E-05  -3.376850770663E-02
     968  -3.077479725285E-05  -3.135824075085E-02
     969  -2.801399317824E-05  -2.854509601666E-02
     970  -2.612674626555E-05  -2.662206976377E-02
     971  -2.470745760903E-05  -2.517587354613E-02
     972  -2.418647134324E-05  -2.464501017060E-02
     973  -2.452753706000E-05  -2.499254197626E-02
     974  -2.559606457722E-05  -2.608132715521E-02
     975  -2.633525094257E-05  -2.683452737335E-02
     976  -2.763498637281E-05  -2.815890381681E-02
     977  -2.884600442079E-05  -2.939288093095E-02
     978  -2.902552745309E-05  -2.957580744777E-02
     979  -2.993653647992E-05  -3.050408782456E-02
     980  -3.031944185720E-05  -3.089425250727E-02
     981  -3.039471716859E-05  -3.097095492444E-02
     982  -3.074968301835E-05  -3.133265038853E-02
     983  -3.179045478046E-05  -3.239315360534E-02
     984  -3.263349774394E-05  -3.325217938526E-02
     985  -3.299721883739E-05  -3.362279607920E-02
     986  -3.337079232401E-05  -3.400345195275E-02
     987  -3.422446233429E-05  -3.487330625217E-02
     988  -3.603821545601E-05  -3.672144538323E-02
     989  -3.823981459690E-05  -3.896478350597E-02
     990  -4.014976597000E-05  -4.091094466141E-02
     991  -4.138577090231E-05  -4.217038237332E-02
     992  -4.325677849969E-05  -4.407686143810E-02
     993  -4.485642708719E-05  -4.570683693758E-02
     994  -4.544938424703E-05  -4.631103566618E-02
     995  -4.491723114242E-05  -4.576879374551E-02
     996  -4.359377108245E-05  -4.442024288931E-02
     997  -4.276228302484E-05  -4.357299107875E-02
     998  -4.040702649595E-05  -4.117308245690E-02
     999  -3.842362964413E-05  -3.915208340781E-02
    1000  -3.677768956277E-05  -3.747493879793E-02
