# lag   <C(lag)>_blocks   <C_norm(lag)>_blocks
       0   6.546808744109E-04   1.000000000000E+00
       1   6.122953788495E-04   9.351385522200E-01
       2   5.041807276901E-04   7.697193631210E-01
       3   3.725771055067E-04   5.683979368168E-01
       4   2.554313552479E-04   3.892806424209E-01
       5   1.717582073309E-04   2.615081304132E-01
       6   1.228353653567E-04   1.870467202746E-01
       7   1.001678072860E-04   1.528509789558E-01
       8   9.311426512064E-05   1.425499960544E-01
       9   9.333005852783E-05   1.432878221344E-01
      10   9.600618447260E-05   1.476569311255E-01
      11   9.931554916896E-05   1.528583824821E-01
      12   1.030171099177E-04   1.585362725890E-01
      13   1.070504024139E-04   1.646030128631E-01
      14   1.109818689134E-04   1.704154263818E-01
      15   1.142766342237E-04   1.752185471267E-01
      16   1.165049015875E-04   1.784263358831E-01
      17   1.173090307361E-04   1.795092760887E-01
      18   1.164420839758E-04   1.780242631948E-01
      19   1.138919847748E-04   1.738524435076E-01
      20   1.099513505204E-04   1.673882554249E-01
      21   1.049622933482E-04   1.591841608088E-01
      22   9.899448343337E-05   1.494403189921E-01
      23   9.194207585805E-05   1.381099701014E-01
      24   8.397548146451E-05   1.255492804873E-01
      25   7.591642194146E-05   1.130605747013E-01
      26   6.911071966514E-05   1.026977588138E-01
      27   6.462615617614E-05   9.607135164842E-02
      28   6.251607509238E-05   9.323325039889E-02
      29   6.189559296975E-05   9.276221454368E-02
      30   6.172227202407E-05   9.294568603893E-02
      31   6.157407862282E-05   9.301441106263E-02
      32   6.152740488497E-05   9.301642801295E-02
      33   6.147894502982E-05   9.280938680588E-02
      34   6.101336342875E-05   9.184863236253E-02
      35   5.982623844648E-05   8.980219663211E-02
      36   5.812929901800E-05   8.713403316680E-02
      37   5.662320079181E-05   8.502171009716E-02
      38   5.598232283197E-05   8.451398090764E-02
      39   5.635749301797E-05   8.572246318466E-02
      40   5.734189989237E-05   8.779928653703E-02
      41   5.833914323844E-05   8.961819447018E-02
      42   5.881836699687E-05   9.026925907450E-02
      43   5.833072244686E-05   8.911488605337E-02
      44   5.653601270135E-05   8.578714799991E-02
      45   5.335006773456E-05   8.031923657495E-02
      46   4.907774424624E-05   7.327516620039E-02
      47   4.434686253052E-05   6.564751477173E-02
      48   3.986226873490E-05   5.853108109137E-02
      49   3.630880087439E-05   5.300236920672E-02
      50   3.436849777112E-05   5.011977906425E-02
      51   3.441457784025E-05   5.042342759003E-02
      52   3.605668962432E-05   5.324275628900E-02
      53   3.825368810262E-05   5.689005161165E-02
      54   3.982852988030E-05   5.947910970727E-02
      55   3.971754395828E-05   5.936091177212E-02
      56   3.717213134969E-05   5.545985720964E-02
      57   3.226370693790E-05   4.799878936434E-02
      58   2.638225759773E-05   3.916753709361E-02
      59   2.191061596149E-05   3.256760043887E-02
      60   2.081687806469E-05   3.111205170361E-02
      61   2.331817483233E-05   3.511058381282E-02
      62   2.781972587538E-05   4.222296805383E-02
      63   3.184389908095E-05   4.876282505497E-02
      64   3.312086750592E-05   5.123099450521E-02
      65   3.048199720218E-05   4.770147386307E-02
      66   2.443592731933E-05   3.882185232537E-02
      67   1.714276467044E-05   2.784788521992E-02
      68   1.144528202087E-05   1.915300120481E-02
      69   9.237072062858E-06   1.566981843260E-02
      70   1.025290732502E-05   1.699519800062E-02
      71   1.214902380037E-05   1.953956887378E-02
      72   1.194909525938E-05   1.879256224783E-02
      73   8.008321681911E-06   1.233110698377E-02
      74   1.188434443948E-06   1.587830844423E-03
      75  -5.552455795681E-06  -8.804945884454E-03
      76  -8.856505799270E-06  -1.364815897889E-02
      77  -6.945740345256E-06  -1.024239608427E-02
      78  -4.551122049801E-07   3.289481926436E-04
      79   8.046172478046E-06   1.397895115592E-02
      80   1.524239717148E-05   2.551503141081E-02
      81   1.862900519431E-05   3.106941558854E-02
      82   1.754221326780E-05   2.963501374887E-02
      83   1.293485723016E-05   2.266656707074E-02
      84   6.356910628396E-06   1.253747550421E-02
      85  -8.678725691896E-07   1.317991810957E-03
      86  -7.864995432218E-06  -9.577866954434E-03
      87  -1.407422336868E-05  -1.920488914173E-02
      88  -1.894220157692E-05  -2.662267563508E-02
      89  -2.171068582040E-05  -3.060176382548E-02
      90  -2.156450722297E-05  -2.992426203138E-02
      91  -1.817396461043E-05  -2.424655050238E-02
      92  -1.234275258051E-05  -1.501625048893E-02
      93  -6.055282677999E-06  -5.421477019737E-03
      94  -1.656765264221E-06   9.477427282886E-04
      95  -8.644094147137E-07   1.612415184433E-03
      96  -4.038060717329E-06  -3.764482378047E-03
      97  -9.814305249452E-06  -1.292598987337E-02
      98  -1.567091145531E-05  -2.194862620687E-02
      99  -1.946533208361E-05  -2.760236388591E-02
     100  -2.067012683290E-05  -2.919565135449E-02
     101  -2.014562504170E-05  -2.815231255448E-02
     102  -1.887001723132E-05  -2.602447903090E-02
     103  -1.705959169532E-05  -2.315606698914E-02
     104  -1.432196951768E-05  -1.893583735540E-02
     105  -1.012978266692E-05  -1.253418960291E-02
     106  -4.000506924129E-06  -3.194061838891E-03
     107   4.333264501627E-06   9.498921149664E-03
     108   1.441824630309E-05   2.485105293760E-02
     109   2.469503020629E-05   4.046708665558E-02
     110   3.305157289583E-05   5.309568535402E-02
     111   3.797855235046E-05   6.041362377279E-02
     112   3.915177945135E-05   6.192969301850E-02
     113   3.730102148527E-05   5.880524833738E-02
     114   3.373706433714E-05   5.314030821950E-02
     115   2.957431664742E-05   4.673748348868E-02
     116   2.526115829264E-05   4.031079485728E-02
     117   2.092155481962E-05   3.398391291594E-02
     118   1.664833965195E-05   2.776809578449E-02
     119   1.228892102354E-05   2.129247299252E-02
     120   7.513107164265E-06   1.397961427484E-02
     121   2.372700752302E-06   5.952587232052E-03
     122  -2.494934174975E-06  -1.673730773502E-03
     123  -6.195735105918E-06  -7.396151637617E-03
     124  -7.956332013793E-06  -1.000261047754E-02
     125  -7.477408173771E-06  -9.110128298678E-03
     126  -5.164278707254E-06  -5.426997703462E-03
     127  -1.888195836259E-06  -3.091673465153E-04
     128   1.498903290394E-06   4.975093255737E-03
     129   4.316090581635E-06   9.418307118738E-03
     130   5.895989003502E-06   1.200454347398E-02
     131   5.587952855987E-06   1.172948205847E-02
     132   2.843140424084E-06   7.757408805167E-03
     133  -2.585813845259E-06  -2.721323772540E-04
     134  -1.011126540852E-05  -1.146273836287E-02
     135  -1.792003901850E-05  -2.309306900255E-02
     136  -2.352445223604E-05  -3.143812395576E-02
     137  -2.518902000570E-05  -3.389288598350E-02
     138  -2.287180119880E-05  -3.037630107499E-02
     139  -1.789730487447E-05  -2.286574796356E-02
     140  -1.178107234017E-05  -1.365847131757E-02
     141  -5.452661544168E-06  -4.196395037441E-03
     142   5.099312138493E-07   4.610814162844E-03
     143   5.324148409461E-06   1.158520522607E-02
     144   7.993514966436E-06   1.527989866559E-02
     145   7.981784896882E-06   1.497819701675E-02
     146   5.854392635051E-06   1.162050498692E-02
     147   3.289960182538E-06   7.765653628926E-03
     148   2.198662746265E-06   6.228034373589E-03
     149   3.231073430816E-06   7.853906238755E-03
     150   4.980706237531E-06   1.038953847056E-02
     151   5.017426090214E-06   1.010536223537E-02
     152   1.966000331616E-06   4.968148888307E-03
     153  -3.348813130260E-06  -3.633123311465E-03
     154  -8.643688551538E-06  -1.205061228036E-02
     155  -1.199730840248E-05  -1.722408648893E-02
     156  -1.304837325145E-05  -1.858437473816E-02
     157  -1.263771953079E-05  -1.750959673306E-02
     158  -1.179263944922E-05  -1.571880642584E-02
     159  -1.135750614624E-05  -1.464578934382E-02
     160  -1.202016060818E-05  -1.542938821070E-02
     161  -1.384742309126E-05  -1.817757420710E-02
     162  -1.609549763377E-05  -2.169978025560E-02
     163  -1.812076181525E-05  -2.496356889990E-02
     164  -2.017651068878E-05  -2.835198538197E-02
     165  -2.287936040015E-05  -3.281274863261E-02
     166  -2.611533713123E-05  -3.813212446225E-02
     167  -2.855728215571E-05  -4.218012484168E-02
     168  -2.845896125144E-05  -4.216061859470E-02
     169  -2.513584578023E-05  -3.694647278939E-02
     170  -1.958551960629E-05  -2.808430666286E-02
     171  -1.356965315834E-05  -1.838732410908E-02
     172  -8.502376075708E-06  -1.016957933808E-02
     173  -4.901602740632E-06  -4.318247277252E-03
     174  -2.084341142237E-06   2.107065241159E-04
     175   1.521086031617E-06   5.857546140216E-03
     176   7.183358953929E-06   1.454956026272E-02
     177   1.458608729351E-05   2.573244002606E-02
     178   2.165189438218E-05   3.617954982006E-02
     179   2.544429879553E-05   4.143510389340E-02
     180   2.366582199675E-05   3.809739659163E-02
     181   1.623717120892E-05   2.617176769320E-02
     182   5.849523561871E-06   9.854565648680E-03
     183  -3.157640027017E-06  -4.207100157133E-03
     184  -7.258529383464E-06  -1.065985824151E-02
     185  -5.912741248323E-06  -8.753266623693E-03
     186  -1.575473941700E-06  -2.337397710085E-03
     187   2.423023799970E-06   3.449429044297E-03
     188   4.049316937029E-06   5.570740244370E-03
     189   3.045633277194E-06   3.788338990771E-03
     190   1.624910289770E-07  -6.331100717563E-04
     191  -3.732059556301E-06  -6.356572739604E-03
     192  -7.875702375467E-06  -1.228597015600E-02
     193  -1.152128660669E-05  -1.737046697964E-02
     194  -1.418859447567E-05  -2.094938198370E-02
     195  -1.575150432012E-05  -2.287763410523E-02
     196  -1.604878534731E-05  -2.295669572535E-02
     197  -1.467483126901E-05  -2.062463712222E-02
     198  -1.145293073465E-05  -1.563685396174E-02
     199  -7.047048494139E-06  -8.965540030924E-03
     200  -2.834814641376E-06  -2.644431028875E-03
     201  -2.880663567553E-07   1.112561245390E-03
     202  -5.157972148319E-07   5.993145909872E-04
     203  -3.751433932405E-06  -4.569838561785E-03
     204  -8.778667448639E-06  -1.257053887584E-02
     205  -1.318766128994E-05  -1.974495830895E-02
     206  -1.483888150082E-05  -2.279565251511E-02
     207  -1.336088841297E-05  -2.105373882672E-02
     208  -1.010148532096E-05  -1.644226227619E-02
     209  -6.882960167570E-06  -1.166494651037E-02
     210  -4.501407011016E-06  -7.955366741084E-03
     211  -2.348608741864E-06  -4.464076421300E-03
     212   6.814312945486E-07   4.036693201019E-04
     213   5.039400706445E-06   7.249399031185E-03
     214   1.008724925642E-05   1.502616779328E-02
     215   1.473001887955E-05   2.203221251989E-02
     216   1.827699616560E-05   2.726048991261E-02
     217   2.049379418599E-05   3.047648732693E-02
     218   2.131695765213E-05   3.173599840283E-02
     219   2.063355222669E-05   3.094154162367E-02
     220   1.839441013559E-05   2.794514604360E-02
     221   1.487964223369E-05   2.300032954839E-02
     222   1.080857323780E-05   1.706067269092E-02
     223   7.264424290355E-06   1.175325770776E-02
     224   5.141227898042E-06   8.498294460407E-03
     225   4.532136611028E-06   7.488835827332E-03
     226   5.024287190456E-06   8.107829306906E-03
     227   6.350710788422E-06   9.936656445050E-03
     228   8.453261070984E-06   1.286815872922E-02
     229   1.114346475779E-05   1.661263740111E-02
     230   1.397130604605E-05   2.052029273060E-02
     231   1.641170440976E-05   2.386315376994E-02
     232   1.789863364334E-05   2.584223392750E-02
     233   1.794680451663E-05   2.572787139851E-02
     234   1.643313767279E-05   2.329037599259E-02
     235   1.363016317196E-05   1.889492521128E-02
     236   9.997045849123E-06   1.322530979734E-02
     237   6.233352173508E-06   7.372221211471E-03
     238   3.513867841196E-06   3.158439963036E-03
     239   3.207865849157E-06   2.665062484235E-03
     240   6.025276929724E-06   6.944817060790E-03
     241   1.125438788068E-05   1.492600573276E-02
     242   1.691943223731E-05   2.367241681206E-02
     243   2.071103464318E-05   2.973158888697E-02
     244   2.110164414887E-05   3.077824100454E-02
     245   1.798075662790E-05   2.659454542182E-02
     246   1.227846977509E-05   1.852606052088E-02
     247   5.184316344721E-06   8.315115392979E-03
     248  -2.022409556664E-06  -2.149253463594E-03
     249  -7.998252765174E-06  -1.086879374262E-02
     250  -1.183115816760E-05  -1.650161796440E-02
     251  -1.356383287102E-05  -1.916119276783E-02
     252  -1.405930710716E-05  -2.017079360969E-02
     253  -1.427451360428E-05  -2.091227171618E-02
     254  -1.443095057051E-05  -2.158331523478E-02
     255  -1.393184937547E-05  -2.116933149826E-02
     256  -1.223857910723E-05  -1.885732333352E-02
     257  -9.926592856801E-06  -1.562558890907E-02
     258  -8.689843852693E-06  -1.416909145465E-02
     259  -1.002860951887E-05  -1.682486672799E-02
     260  -1.395327465758E-05  -2.355895896575E-02
     261  -1.892628173729E-05  -3.189444662332E-02
     262  -2.288353867656E-05  -3.853397593380E-02
     263  -2.432532300608E-05  -4.108974311340E-02
     264  -2.283063111984E-05  -3.887958018530E-02
     265  -1.909288973240E-05  -3.295497761106E-02
     266  -1.452379872068E-05  -2.548171655903E-02
     267  -1.047104211520E-05  -1.854583660264E-02
     268  -7.833018290651E-06  -1.357984419406E-02
     269  -7.116245579557E-06  -1.146482846683E-02
     270  -8.467345229796E-06  -1.257043377313E-02
     271  -1.140637115284E-05  -1.632538519586E-02
     272  -1.480553239468E-05  -2.116975955007E-02
     273  -1.735907008342E-05  -2.522806505686E-02
     274  -1.796910338393E-05  -2.679580909926E-02
     275  -1.623527143924E-05  -2.502636559044E-02
     276  -1.304472043104E-05  -2.093161722138E-02
     277  -1.041017514782E-05  -1.733549433827E-02
     278  -1.017080112662E-05  -1.703296373087E-02
     279  -1.267182314182E-05  -2.073910382702E-02
     280  -1.653757111194E-05  -2.655754135749E-02
     281  -1.957914019165E-05  -3.119568255980E-02
     282  -2.009191593848E-05  -3.193799436332E-02
     283  -1.759381315111E-05  -2.790449749411E-02
     284  -1.282584558561E-05  -2.017878862470E-02
     285  -7.266846664654E-06  -1.111027736836E-02
     286  -2.357754900862E-06  -3.080466660318E-03
     287   1.240166016312E-06   2.735208884351E-03
     288   3.691828294319E-06   6.523571440447E-03
     289   5.303704047481E-06   8.801038401851E-03
     290   6.019215552505E-06   9.578606637520E-03
     291   5.487368779254E-06   8.403957133830E-03
     292   3.604152201204E-06   5.172940976944E-03
     293   9.383270503525E-07   8.062265036433E-04
     294  -1.606612770358E-06  -3.226249046521E-03
     295  -3.514615945143E-06  -6.009457329784E-03
     296  -4.712508768946E-06  -7.347318050697E-03
     297  -5.030695242832E-06  -7.037616267486E-03
     298  -4.043111779151E-06  -4.645566628435E-03
     299  -1.575188708555E-06  -1.978535603910E-04
     300   1.675733204845E-06   4.994144849648E-03
     301   4.258056644969E-06   8.619300644904E-03
     302   4.696168513715E-06   8.524889207732E-03
     303   2.240299473329E-06   3.814716696000E-03
     304  -2.709673900905E-06  -4.612693905178E-03
     305  -8.563915667083E-06  -1.410057202563E-02
     306  -1.307475826144E-05  -2.110824154617E-02
     307  -1.439422706831E-05  -2.285527101029E-02
     308  -1.194600438449E-05  -1.861869806494E-02
     309  -6.618910797514E-06  -9.940666789715E-03
     310  -2.396635517106E-07   2.419457726047E-04
     311   5.246265533745E-06   8.868342563249E-03
     312   8.312802184396E-06   1.358666139149E-02
     313   8.016050524966E-06   1.300911775014E-02
     314   4.534266930527E-06   7.518382236828E-03
     315  -5.218903526345E-07  -3.209872206783E-04
     316  -4.798381420076E-06  -6.876572791282E-03
     317  -6.468849868043E-06  -9.387368761866E-03
     318  -5.314594019847E-06  -7.558506465552E-03
     319  -2.791432442691E-06  -3.622602981417E-03
     320  -1.063123029226E-06  -8.701591707779E-04
     321  -2.093465103132E-06  -2.308797022598E-03
     322  -7.113923905013E-06  -9.880687050331E-03
     323  -1.571927057553E-05  -2.303721830747E-02
     324  -2.549040719209E-05  -3.808468849786E-02
     325  -3.318374959200E-05  -4.998042996310E-02
     326  -3.646932057667E-05  -5.504621023377E-02
     327  -3.482279404597E-05  -5.239266788677E-02
     328  -2.948080613421E-05  -4.389390612990E-02
     329  -2.292641661247E-05  -3.342583832439E-02
     330  -1.794463326737E-05  -2.538914356743E-02
     331  -1.648241573151E-05  -2.288105971716E-02
     332  -1.881471509641E-05  -2.635162799159E-02
     333  -2.338248827827E-05  -3.335841988874E-02
     334  -2.741246814417E-05  -3.957511188404E-02
     335  -2.810345500794E-05  -4.068625363219E-02
     336  -2.382327558633E-05  -3.424623616853E-02
     337  -1.467930547059E-05  -2.048416651062E-02
     338  -2.388650582631E-06  -2.018104912671E-03
     339   1.035329962838E-05   1.712055156259E-02
     340   2.088221301075E-05   3.296370128620E-02
     341   2.720098615038E-05   4.250866730029E-02
     342   2.810437314311E-05   4.389240193129E-02
     343   2.328271458020E-05   3.659751744979E-02
     344   1.354472731716E-05   2.185149150288E-02
     345   8.585196988369E-07   2.698921122131E-03
     346  -1.211998917078E-05  -1.676367861148E-02
     347  -2.283247041126E-05  -3.262098405094E-02
     348  -2.958841085725E-05  -4.231852341642E-02
     349  -3.195288292046E-05  -4.527472778763E-02
     350  -3.071630047966E-05  -4.284528703462E-02
     351  -2.738919519914E-05  -3.750734070321E-02
     352  -2.348146396305E-05  -3.167518821369E-02
     353  -2.010963291649E-05  -2.703898659227E-02
     354  -1.769277679375E-05  -2.409629426336E-02
     355  -1.564898760842E-05  -2.175000509460E-02
     356  -1.298357268372E-05  -1.829944809016E-02
     357  -9.371179522905E-06  -1.313693669634E-02
     358  -5.464442502060E-06  -7.227672309822E-03
     359  -2.241419310673E-06  -2.132755643800E-03
     360  -3.347666839751E-07   1.027447526008E-03
     361   1.712233062522E-07   1.972703328141E-03
     362  -2.164710950981E-07   1.429866777129E-03
     363  -6.357714893657E-07   7.826911212331E-04
     364  -1.478715809000E-07   1.552936931098E-03
     365   1.705318940009E-06   4.475952210883E-03
     366   4.504989370640E-06   8.886532066869E-03
     367   7.366031794152E-06   1.338783049958E-02
     368   9.668226799076E-06   1.701852414284E-02
     369   1.127909938620E-05   1.960609860746E-02
     370   1.215719141416E-05   2.112641929891E-02
     371   1.152005402348E-05   2.038737368839E-02
     372   7.631542269623E-06   1.469504243248E-02
     373  -1.069699065536E-06   1.600458466034E-03
     374  -1.429783342489E-05  -1.851630891048E-02
     375  -2.917240868203E-05  -4.126162658928E-02
     376  -4.123414624477E-05  -5.974178847364E-02
     377  -4.707622750696E-05  -6.861590293880E-02
     378  -4.629938701842E-05  -6.719100235136E-02
     379  -4.087179805847E-05  -5.851163085511E-02
     380  -3.327408009926E-05  -4.649678209333E-02
     381  -2.552198724645E-05  -3.436897786392E-02
     382  -1.926106874296E-05  -2.473426904712E-02
     383  -1.572860578134E-05  -1.949860183561E-02
     384  -1.511520722882E-05  -1.890699803046E-02
     385  -1.623638563847E-05  -2.108669276580E-02
     386  -1.706552348545E-05  -2.288637699278E-02
     387  -1.599296397470E-05  -2.178724662577E-02
     388  -1.327659600597E-05  -1.812255048863E-02
     389  -1.139994099362E-05  -1.564842348270E-02
     390  -1.328020396845E-05  -1.876997104621E-02
     391  -1.984964605960E-05  -2.879422468482E-02
     392  -2.930039795086E-05  -4.282839203285E-02
     393  -3.855777591716E-05  -5.616699107136E-02
     394  -4.515664589696E-05  -6.523458345250E-02
     395  -4.798739517552E-05  -6.865637559352E-02
     396  -4.699118814971E-05  -6.662491952125E-02
     397  -4.292794134048E-05  -6.038699289298E-02
     398  -3.749040487583E-05  -5.238124224397E-02
     399  -3.279474134053E-05  -4.558784135686E-02
     400  -3.013741950679E-05  -4.181128139627E-02
     401  -2.929285083237E-05  -4.069346621129E-02
     402  -2.917299210018E-05  -4.069700599635E-02
     403  -2.873270532525E-05  -4.037825531521E-02
     404  -2.740674001196E-05  -3.892636173231E-02
     405  -2.543767892064E-05  -3.661420201144E-02
     406  -2.393739361889E-05  -3.495784485997E-02
     407  -2.418390661613E-05  -3.577072754865E-02
     408  -2.651363306158E-05  -3.956073763483E-02
     409  -3.002476172884E-05  -4.505078623747E-02
     410  -3.323669043949E-05  -5.005585787402E-02
     411  -3.483786849097E-05  -5.253621422076E-02
     412  -3.379958233614E-05  -5.083172461730E-02
     413  -2.906286860151E-05  -4.329957552717E-02
     414  -1.973481868670E-05  -2.864806440147E-02
     415  -6.034676433273E-06  -7.318944278625E-03
     416   9.621555368246E-06   1.693283004157E-02
     417   2.288105862085E-05   3.745565178462E-02
     418   2.957433697514E-05   4.789791489598E-02
     419   2.801678020662E-05   4.567816156195E-02
     420   1.951345270903E-05   3.275264158233E-02
     421   7.102399124653E-06   1.371343239692E-02
     422  -5.943958540027E-06  -6.490009383821E-03
     423  -1.683710310436E-05  -2.364736328504E-02
     424  -2.336501182264E-05  -3.441017950234E-02
     425  -2.400660168515E-05  -3.640601603080E-02
     426  -1.851654915685E-05  -2.907142882557E-02
     427  -8.474000172037E-06  -1.452503629221E-02
     428   2.981750987308E-06   2.705085277631E-03
     429   1.242820848428E-05   1.749535172726E-02
     430   1.800460895702E-05   2.687508604172E-02
     431   2.011335787707E-05   3.114493073987E-02
     432   2.007568400489E-05   3.198002544267E-02
     433   1.856691475495E-05   3.020456928394E-02
     434   1.538475641128E-05   2.548959206391E-02
     435   1.012745898172E-05   1.732668903152E-02
     436   2.990262339877E-06   6.158345985009E-03
     437  -5.137614782803E-06  -6.546441581552E-03
     438  -1.344013094786E-05  -1.950078340493E-02
     439  -2.154305161849E-05  -3.212611601696E-02
     440  -2.875931284635E-05  -4.333952872412E-02
     441  -3.350057278021E-05  -5.066668183491E-02
     442  -3.411726834537E-05  -5.158641686386E-02
     443  -2.998847771449E-05  -4.522051118120E-02
     444  -2.174604200443E-05  -3.264918476766E-02
     445  -1.100291082647E-05  -1.644092552414E-02
     446   1.866740229150E-07   2.364183626101E-04
     447   9.901006177373E-06   1.451014697599E-02
     448   1.687510407633E-05   2.456733579490E-02
     449   2.082547544889E-05   3.011319518706E-02
     450   2.215422854009E-05   3.187668630912E-02
     451   2.118318795782E-05   3.039390788506E-02
     452   1.796029609008E-05   2.569917700094E-02
     453   1.249529745025E-05   1.771302690001E-02
     454   4.717731767281E-06   6.219984012862E-03
     455  -5.372145364166E-06  -8.863009004857E-03
     456  -1.710450185341E-05  -2.653923178487E-02
     457  -2.866825863242E-05  -4.400946978289E-02
     458  -3.725983416615E-05  -5.696025162532E-02
     459  -4.050742250911E-05  -6.179729557725E-02
     460  -3.811903600338E-05  -5.813970102550E-02
     461  -3.202729967686E-05  -4.897371477259E-02
     462  -2.490861195539E-05  -3.835077607486E-02
     463  -1.878913530838E-05  -2.926970116850E-02
     464  -1.464373483468E-05  -2.310861509106E-02
     465  -1.251595195479E-05  -1.986444937587E-02
     466  -1.164496733638E-05  -1.838681899943E-02
     467  -1.081325192683E-05  -1.689263505253E-02
     468  -9.103763314960E-06  -1.406490638139E-02
     469  -6.586456621075E-06  -1.007251985010E-02
     470  -4.179225914981E-06  -6.368662453215E-03
     471  -2.727187211212E-06  -4.285998427703E-03
     472  -2.483915265364E-06  -4.225707090188E-03
     473  -2.954809036869E-06  -5.395422956694E-03
     474  -2.931274572121E-06  -5.841350731458E-03
     475  -1.286897205364E-06  -3.682066095574E-03
     476   1.885198559068E-06   1.073817016032E-03
     477   5.128812387981E-06   6.211216813526E-03
     478   6.732061442348E-06   8.990047811463E-03
     479   5.908306633379E-06   8.027432337424E-03
     480   3.282141946438E-06   4.132210277300E-03
     481   3.822755211832E-07  -4.073955957569E-04
     482  -1.697593754647E-06  -3.863240311287E-03
     483  -2.953268408458E-06  -6.081976523136E-03
     484  -3.811815871212E-06  -7.513714796613E-03
     485  -4.307729672592E-06  -8.048207981803E-03
     486  -4.209988900458E-06  -7.323541162852E-03
     487  -3.777782577944E-06  -5.900651722832E-03
     488  -4.087815831634E-06  -5.667553363344E-03
     489  -6.487465095561E-06  -8.881939717906E-03
     490  -1.174422039793E-05  -1.679764759037E-02
     491  -1.950054486601E-05  -2.884094530066E-02
     492  -2.834786962248E-05  -4.278719705293E-02
     493  -3.641559548222E-05  -5.569239243082E-02
     494  -4.189399572391E-05  -6.467780884986E-02
     495  -4.321766318346E-05  -6.721966027538E-02
     496  -3.904051054198E-05  -6.115768143133E-02
     497  -2.864571306034E-05  -4.536440723684E-02
     498  -1.297813528995E-05  -2.133931128313E-02
     499   4.889084080358E-06   6.113582563740E-03
     500   2.092567451868E-05   3.074485115070E-02
     501   3.166024303514E-05   4.721761339258E-02
     502   3.504324642137E-05   5.242077303204E-02
     503   3.086989546210E-05   4.609271891655E-02
     504   2.076117488911E-05   3.076572740957E-02
     505   7.664523828261E-06   1.098463384920E-02
     506  -4.889959769189E-06  -7.832103062361E-03
     507  -1.370438211515E-05  -2.081190803637E-02
     508  -1.691721167246E-05  -2.518539890833E-02
     509  -1.443880700044E-05  -2.093201554501E-02
     510  -7.865906087181E-06  -1.060216975818E-02
     511  -3.610997723001E-07   9.144917772158E-04
     512   4.214354555691E-06   7.754019985061E-03
     513   3.159782282366E-06   5.930424315832E-03
     514  -3.713287120553E-06  -4.663561055945E-03
     515  -1.444211033103E-05  -2.093323249670E-02
     516  -2.636316745315E-05  -3.887307797345E-02
     517  -3.744989637889E-05  -5.556424377723E-02
     518  -4.651648218894E-05  -6.936057913492E-02
     519  -5.263174923839E-05  -7.889734122083E-02
     520  -5.508034516463E-05  -8.303139560940E-02
     521  -5.390864181887E-05  -8.173125961636E-02
     522  -5.037334294641E-05  -7.679428491447E-02
     523  -4.671612769851E-05  -7.150522792385E-02
     524  -4.473260461866E-05  -6.850005657733E-02
     525  -4.438360768028E-05  -6.773906120585E-02
     526  -4.400791422737E-05  -6.685483971126E-02
     527  -4.203452092451E-05  -6.366377525962E-02
     528  -3.825732866093E-05  -5.797941219899E-02
     529  -3.310383090014E-05  -5.043888244572E-02
     530  -2.650429374172E-05  -4.080221327728E-02
     531  -1.803260723599E-05  -2.825000994475E-02
     532  -8.007811637066E-06  -1.315851551866E-02
     533   1.892628378346E-06   1.918445768429E-03
     534   9.092967109700E-06   1.297174777977E-02
     535   1.128697671842E-05   1.637616590374E-02
     536   7.620644069123E-06   1.075933004332E-02
     537  -8.586006372827E-07  -2.277063227380E-03
     538  -1.143815374761E-05  -1.852125299893E-02
     539  -2.063446983054E-05  -3.255684136107E-02
     540  -2.566737330615E-05  -4.008090952344E-02
     541  -2.569660190269E-05  -3.984831580195E-02
     542  -2.183720187251E-05  -3.368719589905E-02
     543  -1.626396702398E-05  -2.504174954448E-02
     544  -1.126665941669E-05  -1.743987409251E-02
     545  -8.418996551083E-06  -1.320863979961E-02
     546  -8.209687046634E-06  -1.298286770812E-02
     547  -1.025591522518E-05  -1.611315127835E-02
     548  -1.338334963307E-05  -2.079802753679E-02
     549  -1.556724604006E-05  -2.396432744897E-02
     550  -1.473455124088E-05  -2.248002001535E-02
     551  -1.015204846831E-05  -1.527918176921E-02
     552  -2.965403713803E-06  -4.183081979291E-03
     553   4.706367771523E-06   7.505481419708E-03
     554   1.113473316817E-05   1.712256416518E-02
     555   1.554145964596E-05   2.352846189010E-02
     556   1.799872880243E-05   2.694607041444E-02
     557   1.909507956017E-05   2.839023469025E-02
     558   1.959000034655E-05   2.906106039173E-02
     559   1.997703226827E-05   2.965353041603E-02
     560   2.018068319216E-05   2.995545093050E-02
     561   1.958380864313E-05   2.897124693723E-02
     562   1.712967930669E-05   2.509877216413E-02
     563   1.195131028198E-05   1.706830711068E-02
     564   4.196632425287E-06   5.161743113369E-03
     565  -4.840744519044E-06  -8.633942704604E-03
     566  -1.322535591698E-05  -2.139598854262E-02
     567  -1.901976695657E-05  -3.019910311814E-02
     568  -2.097315008260E-05  -3.314570191012E-02
     569  -1.868961108396E-05  -2.963045593970E-02
     570  -1.244318363002E-05  -2.006268468026E-02
     571  -3.449969389735E-06  -6.272909365596E-03
     572   6.044421959758E-06   8.353823932633E-03
     573   1.375019472061E-05   2.034022456810E-02
     574   1.837586749334E-05   2.763415597938E-02
     575   1.955887459169E-05   2.950833463590E-02
     576   1.766722250863E-05   2.639898948369E-02
     577   1.430494063050E-05   2.081770413483E-02
     578   1.193859156935E-05   1.674937775114E-02
     579   1.209127365598E-05   1.673933917428E-02
     580   1.422527585750E-05   2.007561066739E-02
     581   1.664097596904E-05   2.413444898438E-02
     582   1.801630427335E-05   2.676165572347E-02
     583   1.787132429218E-05   2.705397475292E-02
     584   1.619953238616E-05   2.487750321283E-02
     585   1.300176774211E-05   2.020755339136E-02
     586   7.874583892831E-06   1.248922584192E-02
     587   3.506566338581E-07   1.078381557229E-03
     588  -9.309368779773E-06  -1.362818989125E-02
     589  -1.988328408485E-05  -2.982066054040E-02
     590  -2.942084598257E-05  -4.454293429589E-02
     591  -3.570398133412E-05  -5.433935634917E-02
     592  -3.680840645568E-05  -5.614858790109E-02
     593  -3.168986863461E-05  -4.829561631559E-02
     594  -2.049568978999E-05  -3.105722937605E-02
     595  -4.615801558864E-06  -6.741010099835E-03
     596   1.359939277986E-05   2.086397283000E-02
     597   3.111288775207E-05   4.706966480702E-02
     598   4.456226827742E-05   6.689530177979E-02
     599   5.141539281262E-05   7.671897701447E-02
     600   5.118948493009E-05   7.597068259608E-02
     601   4.541816740802E-05   6.699209628328E-02
     602   3.666085405909E-05   5.357059820511E-02
     603   2.746585029097E-05   3.946222399281E-02
     604   1.966171925047E-05   2.738140336682E-02
     605   1.399932643356E-05   1.847821617370E-02
     606   1.011118584826E-05   1.227027854496E-02
     607   6.695353162611E-06   6.880299389550E-03
     608   2.288098722958E-06   1.587371733161E-04
     609  -3.466860483082E-06  -8.398059737189E-03
     610  -9.415916456805E-06  -1.705348925267E-02
     611  -1.391516233818E-05  -2.340818238988E-02
     612  -1.581693598963E-05  -2.585734184085E-02
     613  -1.463400472669E-05  -2.376209495499E-02
     614  -1.037733117697E-05  -1.716808511020E-02
     615  -3.491052494793E-06  -6.696971486446E-03
     616   5.116483811284E-06   6.377607973179E-03
     617   1.401783628183E-05   1.993831370224E-02
     618   2.112472201785E-05   3.073982926478E-02
     619   2.386740126703E-05   3.475205703167E-02
     620   2.008543249891E-05   2.863653883121E-02
     621   9.282804168097E-06   1.169322535382E-02
     622  -6.517310462438E-06  -1.290505485299E-02
     623  -2.339452518963E-05  -3.912483133195E-02
     624  -3.755407621220E-05  -6.113097657469E-02
     625  -4.687268934115E-05  -7.559440002543E-02
     626  -5.096169709173E-05  -8.182077821004E-02
     627  -5.062122819348E-05  -8.099060841086E-02
     628  -4.729871083625E-05  -7.536954390434E-02
     629  -4.259482682327E-05  -6.756144165277E-02
     630  -3.796130568322E-05  -6.002009130438E-02
     631  -3.443913042638E-05  -5.456807642458E-02
     632  -3.231640200718E-05  -5.174809765082E-02
     633  -3.102038484082E-05  -5.055073067845E-02
     634  -2.968499443055E-05  -4.928919217571E-02
     635  -2.806079657534E-05  -4.716264124077E-02
     636  -2.678658470266E-05  -4.490452704324E-02
     637  -2.658492487595E-05  -4.367821417551E-02
     638  -2.703295243858E-05  -4.316201617381E-02
     639  -2.631115436633E-05  -4.099200959071E-02
     640  -2.249275079112E-05  -3.452032256471E-02
     641  -1.527190821025E-05  -2.335002435610E-02
     642  -6.522951053491E-06  -1.021204472700E-02
     643   7.254825447151E-07   4.972025581347E-04
     644   3.893494202494E-06   5.027130955926E-03
     645   2.104647271524E-06   2.108012246507E-03
     646  -3.323476714501E-06  -6.302353518306E-03
     647  -9.606340207752E-06  -1.608504458418E-02
     648  -1.424829811225E-05  -2.356390447627E-02
     649  -1.661571696708E-05  -2.782100472807E-02
     650  -1.776880282001E-05  -3.040389843099E-02
     651  -1.870173542593E-05  -3.270868558595E-02
     652  -1.912639404851E-05  -3.419554570078E-02
     653  -1.771160735039E-05  -3.274646668107E-02
     654  -1.299089854362E-05  -2.601860590965E-02
     655  -4.057014659357E-06  -1.251589848821E-02
     656   8.619903858521E-06   7.097332209443E-03
     657   2.247857551516E-05   2.886962335571E-02
     658   3.375087494972E-05   4.694561696438E-02
     659   3.979400829858E-05   5.717691555395E-02
     660   4.056388675338E-05   5.938520650219E-02
     661   3.799798845331E-05   5.636552259944E-02
     662   3.415784980268E-05   5.104533224239E-02
     663   2.964714346441E-05   4.422416082234E-02
     664   2.368422590878E-05   3.480875040586E-02
     665   1.566061218417E-05   2.210920792762E-02
     666   6.459319002769E-06   7.676588630891E-03
     667  -1.868840541629E-06  -5.295418020562E-03
     668  -7.456700309802E-06  -1.401653763029E-02
     669  -9.283697662845E-06  -1.700551692694E-02
     670  -6.926240342202E-06  -1.361527108756E-02
     671  -2.172173201700E-07  -3.527513795117E-03
     672   1.059426141303E-05   1.293353345009E-02
     673   2.438687336288E-05   3.408523209964E-02
     674   3.884493886879E-05   5.640740196342E-02
     675   5.068308440116E-05   7.483794376162E-02
     676   5.732293360958E-05   8.531367686128E-02
     677   5.872555764047E-05   8.764753341021E-02
     678   5.733313272280E-05   8.550669733459E-02
     679   5.614442062445E-05   8.345997754433E-02
     680   5.671660103146E-05   8.389280134303E-02
     681   5.864021445538E-05   8.622980379383E-02
     682   6.044481731704E-05   8.836028638753E-02
     683   6.067050091410E-05   8.821678468269E-02
     684   5.835973059953E-05   8.441759176618E-02
     685   5.296862883445E-05   7.610811648063E-02
     686   4.429142578530E-05   6.293006497530E-02
     687   3.290931575467E-05   4.578312249853E-02
     688   2.087769309939E-05   2.786417719639E-02
     689   1.192858768341E-05   1.489889491962E-02
     690   9.889727111386E-06   1.264152836332E-02
     691   1.613419641891E-05   2.297099617266E-02
     692   2.830283942864E-05   4.204917498487E-02
     693   4.104375028905E-05   6.159601670271E-02
     694   4.861907906459E-05   7.291653299542E-02
     695   4.778543857565E-05   7.123249559629E-02
     696   3.905300121273E-05   5.751715343913E-02
     697   2.555849014113E-05   3.666676401232E-02
     698   1.110986371389E-05   1.445491263419E-02
     699  -9.534118724051E-07  -4.123437659895E-03
     700  -8.052569454809E-06  -1.516155090218E-02
     701  -8.928827067050E-06  -1.665214833732E-02
     702  -3.956151630135E-06  -9.041729654647E-03
     703   5.322520188065E-06   5.364438745156E-03
     704   1.661388634789E-05   2.297694871137E-02
     705   2.735450056373E-05   3.970310488555E-02
     706   3.555870622441E-05   5.237617411160E-02
     707   4.004319754609E-05   5.920154706764E-02
     708   4.034013512419E-05   5.959556593514E-02
     709   3.706178459815E-05   5.462124275828E-02
     710   3.210092982769E-05   4.719406701654E-02
     711   2.786804743487E-05   4.090792901970E-02
     712   2.622346122590E-05   3.847327665707E-02
     713   2.783115123069E-05   4.081509366129E-02
     714   3.207463499076E-05   4.698303911317E-02
     715   3.732823149545E-05   5.453588509688E-02
     716   4.169254191785E-05   6.060463525815E-02
     717   4.371822856422E-05   6.297860296690E-02
     718   4.300289030475E-05   6.106252225814E-02
     719   4.040892290056E-05   5.626371100368E-02
     720   3.689785810302E-05   5.021650805450E-02
     721   3.268950212867E-05   4.342422599635E-02
     722   2.761994837449E-05   3.570371259798E-02
     723   2.156657609401E-05   2.678555210075E-02
     724   1.456238703793E-05   1.653803087646E-02
     725   6.960019600039E-06   5.352522365648E-03
     726   1.056147941488E-08  -4.894684371120E-03
     727  -3.887138368495E-06  -1.054151543359E-02
     728  -2.443597169799E-06  -8.156214677508E-03
     729   4.322370130849E-06   2.144267000681E-03
     730   1.312050348976E-05   1.535508682971E-02
     731   1.853788347690E-05   2.337728315190E-02
     732   1.560068088117E-05   1.880276470130E-02
     733   2.569191130342E-06  -9.608161859034E-04
     734  -1.784715220067E-05  -3.184441134224E-02
     735  -3.988870039999E-05  -6.515609724334E-02
     736  -5.757661738432E-05  -9.183172689679E-02
     737  -6.728992500489E-05  -1.063832158921E-01
     738  -6.895562460047E-05  -1.087561341914E-01
     739  -6.531088994800E-05  -1.031947565907E-01
     740  -5.988846404115E-05  -9.515823526940E-02
     741  -5.547600642104E-05  -8.896375646136E-02
     742  -5.330767526277E-05  -8.649493334266E-02
     743  -5.272626980194E-05  -8.662281394557E-02
     744  -5.224414807878E-05  -8.683869325495E-02
     745  -5.120325599806E-05  -8.587829114313E-02
     746  -5.056518866844E-05  -8.507419972231E-02
     747  -5.176789676247E-05  -8.668513159336E-02
     748  -5.470187374983E-05  -9.070233029597E-02
     749  -5.755134705847E-05  -9.444807392483E-02
     750  -5.876897916776E-05  -9.556562836645E-02
     751  -5.852544467989E-05  -9.431481672459E-02
     752  -5.798460260057E-05  -9.251627796188E-02
     753  -5.722027587026E-05  -9.034858658442E-02
     754  -5.410110508964E-05  -8.461773629891E-02
     755  -4.591604615712E-05  -7.124988259055E-02
     756  -3.200541473032E-05  -4.932388129889E-02
     757  -1.469362568810E-05  -2.246800632740E-02
     758   1.667837335477E-06   2.660896106139E-03
     759   1.264470937934E-05   1.937116479381E-02
     760   1.569589548788E-05   2.389725018699E-02
     761   1.122691194064E-05   1.689567953404E-02
     762   2.360079515554E-06   3.052865835471E-03
     763  -6.684096779435E-06  -1.129689393316E-02
     764  -1.280568960743E-05  -2.142847864817E-02
     765  -1.518114157464E-05  -2.593231137085E-02
     766  -1.509841070685E-05  -2.651927418957E-02
     767  -1.514510676264E-05  -2.691186011236E-02
     768  -1.787373292758E-05  -3.093874501831E-02
     769  -2.408286970429E-05  -3.994374711085E-02
     770  -3.205958234690E-05  -5.153949025901E-02
     771  -3.802308704285E-05  -6.012376573969E-02
     772  -3.716078446218E-05  -5.835676476949E-02
     773  -2.576590391272E-05  -4.050123764221E-02
     774  -4.111546509727E-06  -6.968941994917E-03
     775   2.243442672299E-05   3.391860435821E-02
     776   4.543252265639E-05   6.911832343471E-02
     777   5.727626593213E-05   8.697536248547E-02
     778   5.471475330494E-05   8.267140895761E-02
     779   3.995337107075E-05   5.982998934265E-02
     780   1.889075526802E-05   2.764777213716E-02
     781  -1.755990675964E-06  -3.597819851020E-03
     782  -1.738036595691E-05  -2.696876176413E-02
     783  -2.703922591659E-05  -4.117867226976E-02
     784  -3.226776907521E-05  -4.876139961941E-02
     785  -3.467137392657E-05  -5.232796582291E-02
     786  -3.482415130551E-05  -5.279604933952E-02
     787  -3.325286942133E-05  -5.089280999766E-02
     788  -3.201049874920E-05  -4.962720090723E-02
     789  -3.405661095531E-05  -5.336449583471E-02
     790  -4.073888345837E-05  -6.398478245556E-02
     791  -5.050261070804E-05  -7.899359662135E-02
     792  -5.996368183249E-05  -9.327127475583E-02
     793  -6.565132220527E-05  -1.017247708017E-01
     794  -6.535719140825E-05  -1.011947222821E-01
     795  -5.879323354239E-05  -9.130393048067E-02
     796  -4.722655039436E-05  -7.386551540333E-02
     797  -3.292269358651E-05  -5.213486141432E-02
     798  -1.897951000439E-05  -3.072003168878E-02
     799  -8.608354623506E-06  -1.458281070354E-02
     800  -3.756778804662E-06  -6.864006436477E-03
     801  -4.228457244442E-06  -7.374499088863E-03
     802  -7.951713751869E-06  -1.292641797554E-02
     803  -1.214409592884E-05  -1.918194437597E-02
     804  -1.492554626004E-05  -2.325046261672E-02
     805  -1.617496508715E-05  -2.502236520869E-02
     806  -1.686696650563E-05  -2.606430725835E-02
     807  -1.801132283537E-05  -2.792973858183E-02
     808  -2.013834134623E-05  -3.136818289292E-02
     809  -2.338435500434E-05  -3.648454702789E-02
     810  -2.778301388543E-05  -4.327236632073E-02
     811  -3.345177599175E-05  -5.197692533296E-02
     812  -3.994088308234E-05  -6.203825740676E-02
     813  -4.592263945367E-05  -7.143853144911E-02
     814  -5.007035261651E-05  -7.795070500110E-02
     815  -5.133268758205E-05  -7.967984749540E-02
     816  -4.904241436184E-05  -7.544892393228E-02
     817  -4.337415115390E-05  -6.562476344947E-02
     818  -3.546665438843E-05  -5.225838729757E-02
     819  -2.710769452887E-05  -3.841924190760E-02
     820  -2.020630404387E-05  -2.724550739862E-02
     821  -1.622693265564E-05  -2.107210506291E-02
     822  -1.601685725982E-05  -2.118952318884E-02
     823  -2.048756787417E-05  -2.886452790574E-02
     824  -3.076808540847E-05  -4.558836819346E-02
     825  -4.663935306056E-05  -7.077694480195E-02
     826  -6.505012409458E-05  -9.958221304532E-02
     827  -8.101878300751E-05  -1.243185908709E-01
     828  -9.014348222074E-05  -1.383412065741E-01
     829  -9.075669770119E-05  -1.393133645700E-01
     830  -8.434321274005E-05  -1.297129078784E-01
     831  -7.396211469479E-05  -1.142923594086E-01
     832  -6.229288681730E-05  -9.706894463699E-02
     833  -5.115029783088E-05  -8.065396075003E-02
     834  -4.196220293224E-05  -6.708518861693E-02
     835  -3.515198134361E-05  -5.695727450797E-02
     836  -2.904396328007E-05  -4.775994621939E-02
     837  -2.045144855366E-05  -3.471574520744E-02
     838  -7.283142995169E-06  -1.466414317088E-02
     839   8.958562712273E-06   1.016715933953E-02
     840   2.327269405106E-05   3.225640012598E-02
     841   3.027719037397E-05   4.345244690875E-02
     842   2.797885581318E-05   4.066776236911E-02
     843   1.805379273684E-05   2.632509906002E-02
     844   3.424072404628E-06   4.775924635060E-03
     845  -1.340240174827E-05  -2.014241880507E-02
     846  -3.036949754298E-05  -4.519453849062E-02
     847  -4.572938325986E-05  -6.765564781009E-02
     848  -5.791953961929E-05  -8.521949005623E-02
     849  -6.531379301833E-05  -9.557322573487E-02
     850  -6.675478698509E-05  -9.710508361423E-02
     851  -6.237757509823E-05  -9.008808944164E-02
     852  -5.380281151002E-05  -7.699434139163E-02
     853  -4.320023857337E-05  -6.112627781990E-02
     854  -3.237862659531E-05  -4.525339634929E-02
     855  -2.277412542606E-05  -3.159117840494E-02
     856  -1.554853912533E-05  -2.188586264423E-02
     857  -1.149464468543E-05  -1.721011357049E-02
     858  -1.088252739564E-05  -1.777108802458E-02
     859  -1.298721979012E-05  -2.227547368134E-02
     860  -1.597844756364E-05  -2.779610412239E-02
     861  -1.771630392173E-05  -3.097183726124E-02
     862  -1.737124491281E-05  -3.049569330368E-02
     863  -1.636023608687E-05  -2.857959498539E-02
     864  -1.714268167623E-05  -2.909169692589E-02
     865  -2.173153443740E-05  -3.524263002256E-02
     866  -3.094392611952E-05  -4.840624563779E-02
     867  -4.386470643124E-05  -6.726589418068E-02
     868  -5.781922173742E-05  -8.777247139747E-02
     869  -6.937198321625E-05  -1.047376811641E-01
     870  -7.562887971267E-05  -1.138584113423E-01
     871  -7.519131218603E-05  -1.131285979192E-01
     872  -6.847932895297E-05  -1.032784637587E-01
     873  -5.686722521085E-05  -8.643211133603E-02
     874  -4.189224875021E-05  -6.487712172138E-02
     875  -2.529654190410E-05  -4.108627050912E-02
     876  -9.440023036522E-06  -1.836055999553E-02
     877   2.909827878066E-06  -6.266841491300E-04
     878   9.791961084222E-06   9.289620359377E-03
     879   1.099423294007E-05   1.105683927980E-02
     880   8.041007170957E-06   6.855938819789E-03
     881   3.697830484625E-06   7.272187991771E-04
     882   9.166831994831E-07  -2.967075545778E-03
     883   1.690637018248E-06  -1.317564919848E-03
     884   6.500759644625E-06   6.278728732361E-03
     885   1.461452881518E-05   1.865341951398E-02
     886   2.461329508224E-05   3.370449099632E-02
     887   3.452539246952E-05   4.855840454496E-02
     888   4.203334234604E-05   5.983824103594E-02
     889   4.504168740286E-05   6.445891274312E-02
     890   4.255667589487E-05   6.089538386168E-02
     891   3.587293747197E-05   5.099018521999E-02
     892   2.879931317259E-05   4.038070590730E-02
     893   2.596404341516E-05   3.599248169998E-02
     894   3.038662405583E-05   4.236389370746E-02
     895   4.105723111788E-05   5.803050039396E-02
     896   5.278943669058E-05   7.533235239559E-02
     897   5.882575422510E-05   8.423905289977E-02
     898   5.460742842297E-05   7.793426965316E-02
     899   4.043031685020E-05   5.680195344054E-02
     900   2.077655313766E-05   2.745236500805E-02
     901   3.626423100063E-07  -3.144442912424E-03
     902  -1.858036049268E-05  -3.166497204581E-02
     903  -3.568058911407E-05  -5.748241463600E-02
     904  -5.040188899979E-05  -7.966962823078E-02
     905  -6.085424383989E-05  -9.525046155897E-02
     906  -6.465225341281E-05  -1.005626030618E-01
     907  -6.099784143858E-05  -9.452292575568E-02
     908  -5.140712436412E-05  -7.972086404067E-02
     909  -3.837189309273E-05  -6.019756273957E-02
     910  -2.383129569575E-05  -3.892273461405E-02
     911  -9.331053939357E-06  -1.796924472323E-02
     912   3.833435488009E-06   1.158631980239E-03
     913   1.562177356803E-05   1.884171346715E-02
     914   2.706628851897E-05   3.683125762313E-02
     915   3.889772828423E-05   5.605622327874E-02
     916   5.052346207487E-05   7.515733314239E-02
     917   6.045621637340E-05   9.135667574121E-02
     918   6.721567948938E-05   1.020592810385E-01
     919   6.980543807333E-05   1.056916951332E-01
     920   6.825597949300E-05   1.025015325821E-01
     921   6.346151089834E-05   9.417497730141E-02
     922   5.614821855961E-05   8.211852285728E-02
     923   4.620659334058E-05   6.632689310801E-02
     924   3.338795955598E-05   4.644314405310E-02
     925   1.902328900098E-05   2.450163462722E-02
     926   7.261751095836E-06   6.879060462550E-03
     927   3.579948360774E-06   1.956407095784E-03
     928   1.108571937561E-05   1.443127531389E-02
     929   2.804981470024E-05   4.155502812043E-02
     930   4.896974749362E-05   7.473908358217E-02
     931   6.779054674926E-05   1.044782066580E-01
     932   8.042688249041E-05   1.243276288150E-01
     933   8.562943969073E-05   1.323854384205E-01
     934   8.416891658874E-05   1.300336051964E-01
     935   7.771032325234E-05   1.200057535355E-01
     936   6.789097641413E-05   1.048400159888E-01
     937   5.582855470657E-05   8.620115795909E-02
     938   4.220756339920E-05   6.513901114598E-02
     939   2.796780156014E-05   4.317685846749E-02
     940   1.443508147865E-05   2.243727340434E-02
     941   2.405770876405E-06   4.143823744118E-03
     942  -8.188093279048E-06  -1.195415288558E-02
     943  -1.755336195337E-05  -2.642340461094E-02
     944  -2.517148103342E-05  -3.864671734931E-02
     945  -2.988140190362E-05  -4.678276684594E-02
     946  -3.091576177891E-05  -4.935467727556E-02
     947  -2.906635946482E-05  -4.721606543630E-02
     948  -2.663963882844E-05  -4.371496298810E-02
     949  -2.584069435906E-05  -4.233386893109E-02
     950  -2.667514818092E-05  -4.335186240004E-02
     951  -2.666915592121E-05  -4.315020740786E-02
     952  -2.360110186286E-05  -3.822941646334E-02
     953  -1.812583167518E-05  -2.935055639328E-02
     954  -1.341588615792E-05  -2.127080188808E-02
     955  -1.248840325009E-05  -1.876905972461E-02
     956  -1.575949540340E-05  -2.276951386244E-02
     957  -2.128435708716E-05  -3.053172479415E-02
     958  -2.591729235612E-05  -3.735387877031E-02
     959  -2.585597256488E-05  -3.741372017085E-02
     960  -1.870005053770E-05  -2.700521428813E-02
     961  -6.000722736646E-06  -8.517133167779E-03
     962   6.477016443438E-06   9.243804205153E-03
     963   1.091823837517E-05   1.449051937318E-02
     964   1.689224741443E-06  -1.136769133889E-03
     965  -2.082705473818E-05  -3.686443065966E-02
     966  -5.005471575607E-05  -8.252881162982E-02
     967  -7.720201200068E-05  -1.245886389804E-01
     968  -9.573109835538E-05  -1.529322919709E-01
     969  -1.032612329537E-04  -1.638004697374E-01
     970  -1.018578047125E-04  -1.603256299805E-01
     971  -9.631627155917E-05  -1.500063910460E-01
     972  -9.066461921470E-05  -1.393479056496E-01
     973  -8.569027388994E-05  -1.299390017476E-01
     974  -8.005296650681E-05  -1.200222940951E-01
     975  -7.317555431391E-05  -1.088784072114E-01
     976  -6.644678686986E-05  -9.860385855691E-02
     977  -6.213467718897E-05  -9.238314249249E-02
     978  -6.163985511051E-05  -9.192521238287E-02
     979  -6.447995838686E-05  -9.620014615750E-02
     980  -6.833199724445E-05  -1.017338222894E-01
     981  -6.978960203506E-05  -1.037311098183E-01
     982  -6.571539565395E-05  -9.785548807076E-02
     983  -5.498381061762E-05  -8.257749677107E-02
     984  -3.973535420645E-05  -6.097914543096E-02
     985  -2.456315472731E-05  -3.961948952678E-02
     986  -1.381194313947E-05  -2.465025151186E-02
     987  -9.257506813001E-06  -1.848060267366E-02
     988  -1.002364946089E-05  -1.974343301215E-02
     989  -1.435201722113E-05  -2.595698803036E-02
     990  -2.142820129298E-05  -3.612856893492E-02
     991  -3.115539344345E-05  -5.021470610414E-02
     992  -4.260434621998E-05  -6.671443115885E-02
     993  -5.363197540270E-05  -8.221647459601E-02
     994  -6.176790341456E-05  -9.295116770421E-02
     995  -6.514304915309E-05  -9.628526277361E-02
     996  -6.325372092349E-05  -9.180279467701E-02
     997  -5.740805904202E-05  -8.182201008079E-02
     998  -5.011289241090E-05  -7.032272376612E-02
     999  -4.405118970148E-05  -6.135232610588E-02
    1000  -4.134841729940E-05  -5.797615684680E-02
