# lag   C(lag)   C_norm(lag)
       0   6.809997639145E-04   1.000000000000E+00
       1   6.387752820643E-04   9.379963340846E-01
       2   5.310022851282E-04   7.797393086833E-01
       3   3.998084675599E-04   5.870904642634E-01
       4   2.829406259548E-04   4.154783025598E-01
       5   1.993675430899E-04   2.927571398027E-01
       6   1.504681446125E-04   2.209518308018E-01
       7   1.278908713862E-04   1.877987015019E-01
       8   1.210989508245E-04   1.778252464119E-01
       9   1.217330637202E-04   1.787563963613E-01
      10   1.248950439152E-04   1.833995406949E-01
      11   1.286364177921E-04   1.888934836815E-01
      12   1.326289625718E-04   1.947562533787E-01
      13   1.368383426788E-04   2.009374304218E-01
      14   1.409573388718E-04   2.069858850781E-01
      15   1.445039952269E-04   2.121938991525E-01
      16   1.469539142920E-04   2.157914320664E-01
      17   1.478389154639E-04   2.170909937092E-01
      18   1.469104630399E-04   2.157276269751E-01
      19   1.442692798672E-04   2.118492362434E-01
      20   1.403399487654E-04   2.060792913624E-01
      21   1.355591777910E-04   1.990590672334E-01
      22   1.299940743027E-04   1.908871062679E-01
      23   1.233720326421E-04   1.811631063320E-01
      24   1.156588855676E-04   1.698368952476E-01
      25   1.077120909547E-04   1.581675892742E-01
      26   1.010934834226E-04   1.484486321133E-01
      27   9.699144662620E-05   1.424250811317E-01
      28   9.537574340938E-05   1.400525352038E-01
      29   9.516805574343E-05   1.397475605518E-01
      30   9.517522007129E-05   1.397580808607E-01
      31   9.494174564134E-05   1.394152401692E-01
      32   9.464952372833E-05   1.389861329529E-01
      33   9.437543577681E-05   1.385836541768E-01
      34   9.383402133964E-05   1.377886253591E-01
      35   9.278591938278E-05   1.362495617464E-01
      36   9.139987176534E-05   1.342142488273E-01
      37   9.019615020118E-05   1.324466688251E-01
      38   8.968169955932E-05   1.316912344342E-01
      39   8.998805295774E-05   1.321410927376E-01
      40   9.088889469454E-05   1.334639151299E-01
      41   9.209509957997E-05   1.352351417137E-01
      42   9.337593788281E-05   1.371159621937E-01
      43   9.438826041462E-05   1.386024862506E-01
      44   9.463718388240E-05   1.389680127617E-01
      45   9.370519723624E-05   1.375994562724E-01
      46   9.146934498605E-05   1.343162653395E-01
      47   8.817460476037E-05   1.294781722882E-01
      48   8.443026801463E-05   1.239798785381E-01
      49   8.117510964322E-05   1.191999086411E-01
      50   7.943938794209E-05   1.166511240554E-01
      51   7.978004112520E-05   1.171513491673E-01
      52   8.179165769947E-05   1.201052658658E-01
      53   8.422273109894E-05   1.236751252523E-01
      54   8.554847658810E-05   1.256218887601E-01
      55   8.453219242597E-05   1.241295473292E-01
      56   8.058809832312E-05   1.183379240250E-01
      57   7.412767821011E-05   1.088512539035E-01
      58   6.693292343015E-05   9.828626524833E-02
      59   6.171499867976E-05   9.062411171042E-02
      60   6.053588748224E-05   8.889267029150E-02
      61   6.345897585184E-05   9.318501887148E-02
      62   6.868238051661E-05   1.008552192762E-01
      63   7.365250317585E-05   1.081534929652E-01
      64   7.611764835643E-05   1.117733843532E-01
      65   7.488791988924E-05   1.099676150529E-01
      66   7.025707628344E-05   1.031675486634E-01
      67   6.392348340399E-05   9.386711536661E-02
      68   5.827984141542E-05   8.557982616679E-02
      69   5.521770727175E-05   8.108329869947E-02
      70   5.498854069198E-05   8.074678378139E-02
      71   5.587281412301E-05   8.204527678812E-02
      72   5.511745217023E-05   8.093608117190E-02
      73   5.081882552988E-05   7.462385190527E-02
      74   4.349273497042E-05   6.386600594458E-02
      75   3.603287834492E-05   5.291173397447E-02
      76   3.191054628653E-05   4.685838083571E-02
      77   3.300414674022E-05   4.846425577375E-02
      78   3.868699210926E-05   5.680911236574E-02
      79   4.647963969361E-05   6.825206432736E-02
      80   5.344741351108E-05   7.848374748893E-02
      81   5.747635313086E-05   8.439996043534E-02
      82   5.788812786403E-05   8.500462251452E-02
      83   5.514310265418E-05   8.097374709385E-02
      84   5.005890495212E-05   7.350796227061E-02
      85   4.337722544767E-05   6.369638837806E-02
      86   3.584132854542E-05   5.263045663834E-02
      87   2.839415875709E-05   4.169481439153E-02
      88   2.215540460370E-05   3.253364505788E-02
      89   1.821044185063E-05   2.674074620225E-02
      90   1.742185948784E-05   2.558276876293E-02
      91   2.003369040044E-05   2.941805777624E-02
      92   2.509622841546E-05   3.685203688061E-02
      93   3.049140678191E-05   4.477447482014E-02
      94   3.384239583599E-05   4.969516529853E-02
      95   3.354539766080E-05   4.925904447893E-02
      96   2.941261215468E-05   4.319034119132E-02
      97   2.294211786149E-05   3.368887784867E-02
      98   1.677668941691E-05   2.463538213358E-02
      99   1.313892398423E-05   1.929358082109E-02
     100   1.252150914362E-05   1.838695078489E-02
     101   1.392899135313E-05   2.045373888687E-02
     102   1.612928905346E-05   2.368472047735E-02
     103   1.854512683609E-05   2.723220743791E-02
     104   2.130980487458E-05   3.129194164780E-02
     105   2.497229977931E-05   3.667005644138E-02
     106   3.033223736606E-05   4.454074578780E-02
     107   3.814887967682E-05   5.601893230848E-02
     108   4.834492496300E-05   7.099110385165E-02
     109   5.936538852353E-05   8.717387533629E-02
     110   6.872851576788E-05   1.009229656304E-01
     111   7.444692751271E-05   1.093200489304E-01
     112   7.595320422674E-05   1.115319097765E-01
     113   7.409683553231E-05   1.088059636121E-01
     114   7.054277543580E-05   1.035870776670E-01
     115   6.675551533979E-05   9.802575401211E-02
     116   6.333522848497E-05   9.300330461337E-02
     117   6.033740969008E-05   8.860121968803E-02
     118   5.773691417962E-05   8.478257591125E-02
     119   5.532310505524E-05   8.123806789187E-02
     120   5.266344071684E-05   7.733253887508E-02
     121   4.957976992776E-05   7.280438636684E-02
     122   4.642997497659E-05   6.817913520219E-02
     123   4.381930810352E-05   6.434555549864E-02
     124   4.223631843149E-05   6.202104709803E-02
     125   4.191580927512E-05   6.155040206502E-02
     126   4.275136958133E-05   6.277736329244E-02
     127   4.433149879562E-05   6.509767131312E-02
     128   4.615177342765E-05   6.777061589913E-02
     129   4.774003500297E-05   7.010286571695E-02
     130   4.865517129619E-05   7.144667865450E-02
     131   4.850611750004E-05   7.122780369440E-02
     132   4.691309307792E-05   6.888855997284E-02
     133   4.350245713809E-05   6.388028226035E-02
     134   3.830997765536E-05   5.625549329877E-02
     135   3.234953563930E-05   4.750300565944E-02
     136   2.748735545682E-05   4.036323786489E-02
     137   2.540309341196E-05   3.730264642962E-02
     138   2.658729766522E-05   3.904156664078E-02
     139   3.036570676734E-05   4.458989323695E-02
     140   3.571938584244E-05   5.245139240155E-02
     141   4.175525953468E-05   6.131464612362E-02
     142   4.751560625785E-05   6.977330797403E-02
     143   5.190301604340E-05   7.621590901155E-02
     144   5.410019201315E-05   7.944230656143E-02
     145   5.407968230541E-05   7.941218950584E-02
     146   5.273428605913E-05   7.743657025078E-02
     147   5.154177890820E-05   7.568545782149E-02
     148   5.173094347395E-05   7.596323261053E-02
     149   5.321631678904E-05   7.814439829339E-02
     150   5.437548732683E-05   7.984655826350E-02
     151   5.327497223166E-05   7.823052966337E-02
     152   4.939598362954E-05   7.253450918338E-02
     153   4.427175820274E-05   6.500994647673E-02
     154   4.040083246545E-05   5.932576574362E-02
     155   3.945591798424E-05   5.793822564260E-02
     156   4.132394999254E-05   6.068129855875E-02
     157   4.453717608556E-05   6.539969387001E-02
     158   4.739671492384E-05   6.959872445682E-02
     159   4.868242348897E-05   7.148669657261E-02
     160   4.782347547708E-05   7.022539215312E-02
     161   4.515496993466E-05   6.630688045339E-02
     162   4.186379399614E-05   6.147402130583E-02
     163   3.900513293543E-05   5.727627967332E-02
     164   3.659763027941E-05   5.374103225681E-02
     165   3.392126650141E-05   4.981098129377E-02
     166   3.069176301023E-05   4.506868377430E-02
     167   2.793159719132E-05   4.101557543979E-02
     168   2.745952931256E-05   4.032237713962E-02
     169   3.034677477765E-05   4.456209294877E-02
     170   3.608300222342E-05   5.298533734581E-02
     171   4.312525370093E-05   6.332638568483E-02
     172   4.970071218932E-05   7.298198152615E-02
     173   5.440888803206E-05   7.989560483737E-02
     174   5.703330907254E-05   8.374938156322E-02
     175   5.881526935511E-05   8.636606423625E-02
     176   6.139887270167E-05   9.015990306477E-02
     177   6.529645217452E-05   9.588322292388E-02
     178   6.914529488057E-05   1.015349762871E-01
     179   7.033134228200E-05   1.032766030310E-01
     180   6.665779269105E-05   9.788225521238E-02
     181   5.804148262461E-05   8.522981313676E-02
     182   4.706541803697E-05   6.911223840435E-02
     183   3.782274286633E-05   5.554002346332E-02
     184   3.356733118176E-05   4.929125230355E-02
     185   3.470407210357E-05   5.096047596857E-02
     186   3.876864618417E-05   5.692901560100E-02
     187   4.246790907276E-05   6.236112157902E-02
     188   4.372954871190E-05   6.421375017890E-02
     189   4.223735009256E-05   6.202256201936E-02
     190   3.887563653327E-05   5.708612336340E-02
     191   3.491503524042E-05   5.127026041790E-02
     192   3.140985617886E-05   4.612315281625E-02
     193   2.883361318623E-05   4.234012214701E-02
     194   2.696349488390E-05   3.959398565561E-02
     195   2.535321943204E-05   3.722941001668E-02
     196   2.413193666077E-05   3.543604262365E-02
     197   2.410582721488E-05   3.539770274856E-02
     198   2.581735676843E-05   3.791096287615E-02
     199   2.870543527745E-05   4.215190195139E-02
     200   3.142356257890E-05   4.614327969553E-02
     201   3.274170274296E-05   4.807887532112E-02
     202   3.206372381370E-05   4.708331120321E-02
     203   2.965549560509E-05   4.354699836404E-02
     204   2.681777647728E-05   3.938000847919E-02
     205   2.548142829946E-05   3.741767567287E-02
     206   2.696174902623E-05   3.959142198707E-02
     207   3.093158576156E-05   4.542084652682E-02
     208   3.573415128590E-05   5.247307441121E-02
     209   3.972938495442E-05   5.833979255155E-02
     210   4.243795873452E-05   6.231714162510E-02
     211   4.446741686076E-05   6.529725738105E-02
     212   4.653181734578E-05   6.832868352011E-02
     213   4.877645913964E-05   7.162478127637E-02
     214   5.086604635032E-05   7.469319234112E-02
     215   5.251361755037E-05   7.711253414908E-02
     216   5.386398848751E-05   7.909545838591E-02
     217   5.519648219630E-05   8.105213117699E-02
     218   5.630306771530E-05   8.267707376529E-02
     219   5.642861712073E-05   8.286143418959E-02
     220   5.482959634836E-05   8.051338525169E-02
     221   5.123234618526E-05   7.523107774777E-02
     222   4.601706609355E-05   6.757280770413E-02
     223   4.025855779469E-05   5.911684544981E-02
     224   3.530335291024E-05   5.184047745818E-02
     225   3.207331365067E-05   4.709739320070E-02
     226   3.092660188706E-05   4.541352805952E-02
     227   3.200758370197E-05   4.700087341879E-02
     228   3.520991352630E-05   5.170326832994E-02
     229   3.993061932045E-05   5.863529098883E-02
     230   4.522217806140E-05   6.640557083523E-02
     231   5.011900971130E-05   7.359622185948E-02
     232   5.377809262839E-05   7.896932639046E-02
     233   5.558928832113E-05   8.162893919610E-02
     234   5.523173807394E-05   8.110390194038E-02
     235   5.253484749021E-05   7.714370881457E-02
     236   4.758723040630E-05   6.987848297151E-02
     237   4.123919142691E-05   6.055683659839E-02
     238   3.537822893262E-05   5.195042760259E-02
     239   3.230957656202E-05   4.744432857994E-02
     240   3.343578816746E-05   4.909809068841E-02
     241   3.834092566189E-05   5.630093825804E-02
     242   4.505624757629E-05   6.616191365075E-02
     243   5.111406227609E-05   7.505738619097E-02
     244   5.452825741504E-05   8.007089033571E-02
     245   5.424103092150E-05   7.964911853965E-02
     246   5.010494481468E-05   7.357556855331E-02
     247   4.290460654911E-05   6.300238094429E-02
     248   3.453886902516E-05   5.071788692940E-02
     249   2.760213333806E-05   4.053178106759E-02
     250   2.411016976861E-05   3.540407948165E-02
     251   2.436825062775E-05   3.578305297447E-02
     252   2.699937095450E-05   3.964666712849E-02
     253   3.001011104252E-05   4.406772605913E-02
     254   3.200658486889E-05   4.699940670303E-02
     255   3.267369132007E-05   4.797900535568E-02
     256   3.227373559817E-05   4.739169865883E-02
     257   3.078590225431E-05   4.520692059767E-02
     258   2.764677295408E-05   4.059733118726E-02
     259   2.248090798337E-05   3.301162375468E-02
     260   1.608256423406E-05   2.361610838396E-02
     261   1.052104872500E-05   1.544941611216E-02
     262   8.080141636193E-06   1.186511664813E-02
     263   9.913899309645E-06   1.455786012708E-02
     264   1.544707382796E-05   2.268293565796E-02
     265   2.271110414581E-05   3.334965054211E-02
     266   2.932323486176E-05   4.305909695652E-02
     267   3.357896071519E-05   4.930832945105E-02
     268   3.485350071943E-05   5.117990132491E-02
     269   3.322724024976E-05   4.879185281764E-02
     270   2.919214599671E-05   4.286660222745E-02
     271   2.387393864186E-05   3.505719077585E-02
     272   1.901335475887E-05   2.791976703425E-02
     273   1.629629580368E-05   2.392995808104E-02
     274   1.666475681141E-05   2.447101701713E-02
     275   1.989534938486E-05   2.921491377691E-02
     276   2.443256850214E-05   3.587749922510E-02
     277   2.794133822432E-05   4.102987945797E-02
     278   2.858289917528E-05   4.197196634986E-02
     279   2.610900569724E-05   3.833922870570E-02
     280   2.201669022837E-05   3.232995280617E-02
     281   1.880507458995E-05   2.761392233362E-02
     282   1.876896314780E-05   2.756089523425E-02
     283   2.289574825361E-05   3.362078735829E-02
     284   3.027678278284E-05   4.445931465351E-02
     285   3.847638091857E-05   5.649984472447E-02
     286   4.493719568578E-05   6.598709436766E-02
     287   4.841480520353E-05   7.109371804365E-02
     288   4.922389925938E-05   7.228181545385E-02
     289   4.828188274930E-05   7.089853081852E-02
     290   4.612279321040E-05   6.772806049928E-02
     291   4.285189243946E-05   6.292497400167E-02
     292   3.882600939341E-05   5.701324941764E-02
     293   3.498102585771E-05   5.136716297320E-02
     294   3.228460679976E-05   4.740766224967E-02
     295   3.110548320236E-05   4.567620262239E-02
     296   3.129418456382E-05   4.595329722867E-02
     297   3.269839124348E-05   4.801527544668E-02
     298   3.532055031935E-05   5.186573063744E-02
     299   3.890658483041E-05   5.713156874940E-02
     300   4.246498633103E-05   6.235682973947E-02
     301   4.436913926831E-05   6.515294368572E-02
     302   4.316809156457E-05   6.338929005854E-02
     303   3.848347022960E-05   5.651025487643E-02
     304   3.141152471483E-05   4.612560294334E-02
     305   2.419766838246E-05   3.553256500908E-02
     306   1.919660765348E-05   2.818886095223E-02
     307   1.766116791074E-05   2.593417626053E-02
     308   1.924118130767E-05   2.825431421160E-02
     309   2.241304920057E-05   3.291197793042E-02
     310   2.535447421932E-05   3.723125258308E-02
     311   2.667547922311E-05   3.917105502324E-02
     312   2.560208346116E-05   3.759484924635E-02
     313   2.194087904308E-05   3.221862944116E-02
     314   1.629526363978E-05   2.392844242135E-02
     315   1.032056610459E-05   1.515502156016E-02
     316   6.389116395860E-06   9.381965654634E-03
     317   6.478130294540E-06   9.512676270698E-03
     318   1.089246623636E-05   1.599481646477E-02
     319   1.791515669955E-05   2.630714083742E-02
     320   2.473194548564E-05   3.631711315650E-02
     321   2.863809253242E-05   4.205301389211E-02
     322   2.796546560645E-05   4.106530881259E-02
     323   2.288069277245E-05   3.359867944876E-02
     324   1.553702835692E-05   2.281502752308E-02
     325   8.975288642460E-06   1.317957673123E-02
     326   5.498851822783E-06   8.074675079437E-03
     327   5.699709274314E-06   8.369620044435E-03
     328   8.477898110050E-06   1.244919390473E-02
     329   1.175155789111E-05   1.725633181362E-02
     330   1.342122322457E-05   1.970811729423E-02
     331   1.231539552812E-05   1.808428751478E-02
     332   8.656088801295E-06   1.271085433501E-02
     333   3.819150694253E-06   5.608152743402E-03
     334  -2.104142866329E-07  -3.089785015833E-04
     335  -1.471378865859E-06  -2.160615823714E-03
     336   1.261754544407E-06   1.852797330141E-03
     337   7.958727561782E-06   1.168682866501E-02
     338   1.737577125369E-05   2.551509144997E-02
     339   2.773520990132E-05   4.072719459092E-02
     340   3.746026370063E-05   5.500774843930E-02
     341   4.528540020213E-05   6.649840807847E-02
     342   4.995405716490E-05   7.335400070884E-02
     343   5.018688418900E-05   7.369589073059E-02
     344   4.527117285153E-05   6.647751622013E-02
     345   3.575377801794E-05   5.250189487940E-02
     346   2.353196352595E-05   3.455502449910E-02
     347   1.128181933107E-05   1.656655395329E-02
     348   1.538745709465E-06   2.259539270057E-03
     349  -4.092243250927E-06  -6.009169852576E-03
     350  -5.272355506952E-06  -7.742081255133E-03
     351  -2.984441012711E-06  -4.382440598153E-03
     352   9.466931730360E-07   1.390151984186E-03
     353   4.835492153539E-06   7.100578311135E-03
     354   7.957671379943E-06   1.168527773666E-02
     355   1.066563552476E-05   1.566173160392E-02
     356   1.369046451826E-05   2.010347909604E-02
     357   1.724185083899E-05   2.531843879046E-02
     358   2.077208911356E-05   3.050234407448E-02
     359   2.353774222330E-05   3.456351010755E-02
     360   2.525705945190E-05   3.708820588530E-02
     361   2.622461108808E-05   3.850898704772E-02
     362   2.696202645358E-05   3.959182936951E-02
     363   2.794818266899E-05   4.103993004101E-02
     364   2.944870153963E-05   4.324333590125E-02
     365   3.115355477857E-05   4.574679233294E-02
     366   3.212327335915E-05   4.717075549998E-02
     367   3.152121138240E-05   4.628667005876E-02
     368   2.954164889861E-05   4.337982252564E-02
     369   2.744610135554E-05   4.030265913424E-02
     370   2.646361821686E-05   3.885995211620E-02
     371   2.646691655236E-05   3.886479548866E-02
     372   2.565977362727E-05   3.767956317602E-02
     373   2.180615461856E-05   3.202079615008E-02
     374   1.415367871497E-05   2.078367639016E-02
     375   4.390937798249E-06   6.447781674709E-03
     376  -4.198173108191E-06  -6.164720357697E-03
     377  -8.722159225150E-06  -1.280787408062E-02
     378  -8.252827762818E-06  -1.211869401449E-02
     379  -3.862788611806E-06  -5.672231939703E-03
     380   2.424112740244E-06   3.559638150695E-03
     381   8.545342941346E-06   1.254823187049E-02
     382   1.288485824296E-05   1.892050324496E-02
     383   1.475962600569E-05   2.167346714021E-02
     384   1.465221596264E-05   2.151574308692E-02
     385   1.369291621890E-05   2.010707924507E-02
     386   1.296712214608E-05   1.904130196984E-02
     387   1.317819666410E-05   1.935124997452E-02
     388   1.421149411644E-05   2.086857421910E-02
     389   1.472148710653E-05   2.161746286358E-02
     390   1.279427516150E-05   1.878748839493E-02
     391   7.553844072809E-06   1.109228589066E-02
     392   4.977106661190E-08   7.308529202096E-05
     393  -7.426571347936E-06  -1.090539489360E-02
     394  -1.278180465686E-05  -1.876917634066E-02
     395  -1.503757884957E-05  -2.208162123748E-02
     396  -1.442522198636E-05  -2.118241848344E-02
     397  -1.227633316857E-05  -1.802692720186E-02
     398  -1.073355040659E-05  -1.576145980565E-02
     399  -1.173235880871E-05  -1.722813931869E-02
     400  -1.574133333729E-05  -2.311503494040E-02
     401  -2.154851336434E-05  -3.164246818600E-02
     402  -2.718656373027E-05  -3.992154648336E-02
     403  -3.085640857898E-05  -4.531045414996E-02
     404  -3.132114681551E-05  -4.599288938879E-02
     405  -2.832446024268E-05  -4.159246705149E-02
     406  -2.305682844317E-05  -3.385732222672E-02
     407  -1.781501954920E-05  -2.616009651280E-02
     408  -1.465260850508E-05  -2.151631950774E-02
     409  -1.417453180498E-05  -2.081429767832E-02
     410  -1.544345284434E-05  -2.267761849955E-02
     411  -1.666749130270E-05  -2.447503242422E-02
     412  -1.595635771076E-05  -2.343078302853E-02
     413  -1.186244105743E-05  -1.741915590285E-02
     414  -3.945439701561E-06  -5.793599220772E-03
     415   6.634561284642E-06   9.742384118469E-03
     416   1.707370314918E-05   2.507152579765E-02
     417   2.391597897452E-05   3.511892403171E-02
     418   2.472800726845E-05   3.631133016303E-02
     419   1.931348117016E-05   2.836048144736E-02
     420   9.550944055424E-06   1.402488600073E-02
     421  -1.872434762277E-06  -2.749538049051E-03
     422  -1.269245050072E-05  -1.863796608058E-02
     423  -2.147592013372E-05  -3.153587015989E-02
     424  -2.729513589283E-05  -4.008097702698E-02
     425  -2.935604247204E-05  -4.310727261240E-02
     426  -2.719845626218E-05  -3.993900982555E-02
     427  -2.137139057144E-05  -3.138237588894E-02
     428  -1.375437720183E-05  -2.019733035261E-02
     429  -6.680506466064E-06  -9.809851368617E-03
     430  -1.416190459131E-06  -2.079575550791E-03
     431   2.378611177738E-06   3.492822323558E-03
     432   5.576326435344E-06   8.188441069774E-03
     433   8.277509870111E-06   1.215493794378E-02
     434   9.570469423960E-06   1.405355762379E-02
     435   8.146524757254E-06   1.196259556747E-02
     436   3.234870377926E-06   4.750178413178E-03
     437  -4.799207941102E-06  -7.047297510818E-03
     438  -1.467990212455E-05  -2.155639825801E-02
     439  -2.470896874580E-05  -3.628337343873E-02
     440  -3.272308044937E-05  -4.805152979976E-02
     441  -3.624966453059E-05  -5.323006915923E-02
     442  -3.375898487935E-05  -4.957268220667E-02
     443  -2.585654729878E-05  -3.796851139882E-02
     444  -1.499168426105E-05  -2.201422827942E-02
     445  -4.144615246223E-06  -6.086074424460E-03
     446   4.317304347089E-06   6.339656158282E-03
     447   9.290021778634E-06   1.364174008701E-02
     448   1.117637399211E-05   1.641171492904E-02
     449   1.148545263614E-05   1.686557506293E-02
     450   1.179629462220E-05   1.732202453992E-02
     451   1.283451696259E-05   1.884658063436E-02
     452   1.427491611928E-05   2.096170494572E-02
     453   1.501181661479E-05   2.204379121734E-02
     454   1.367204021236E-05   2.007642430560E-02
     455   9.344721047558E-06   1.372206209565E-02
     456   2.287634387954E-06   3.359229340703E-03
     457  -5.844607837055E-06  -8.582393338082E-03
     458  -1.269969086543E-05  -1.864859804418E-02
     459  -1.665380001611E-05  -2.445492773798E-02
     460  -1.772232634747E-05  -2.602398310037E-02
     461  -1.702340561857E-05  -2.499766743047E-02
     462  -1.554395416386E-05  -2.282519758085E-02
     463  -1.371282149253E-05  -2.013630873189E-02
     464  -1.192304405367E-05  -1.750814711761E-02
     465  -1.080575617069E-05  -1.586748886457E-02
     466  -1.064663880792E-05  -1.563383626849E-02
     467  -1.080422631004E-05  -1.586524237239E-02
     468  -1.009690684395E-05  -1.482659375079E-02
     469  -7.696175724561E-06  -1.130128985702E-02
     470  -3.478155880498E-06  -5.107425971054E-03
     471   2.084691110828E-06   3.061221488309E-03
     472   8.106972430301E-06   1.190451577208E-02
     473   1.381384471187E-05   2.028465418617E-02
     474   1.900778248854E-05   2.791158454929E-02
     475   2.374720086683E-05   3.487108531481E-02
     476   2.763825932928E-05   4.058482953123E-02
     477   2.960301017173E-05   4.346992721637E-02
     478   2.844261795727E-05   4.176597330046E-02
     479   2.384102944440E-05   3.500886594638E-02
     480   1.690997226057E-05   2.483109856509E-02
     481   9.583345210809E-06   1.407246480634E-02
     482   3.420552288781E-06   5.022839169751E-03
     483  -8.513925912177E-07  -1.250209818464E-03
     484  -2.893428767028E-06  -4.248795550818E-03
     485  -2.551130475360E-06  -3.746154713324E-03
     486  -3.244466525435E-07  -4.764269677254E-04
     487   2.327939304394E-06   3.418414260547E-03
     488   3.460994041937E-06   5.082225024636E-03
     489   1.620708528104E-06   2.379895873660E-03
     490  -3.390346650107E-06  -4.978484325191E-03
     491  -1.056658709189E-05  -1.551628598394E-02
     492  -1.840186271538E-05  -2.702183420682E-02
     493  -2.549799437772E-05  -3.744200178741E-02
     494  -3.064018680677E-05  -4.499294776646E-02
     495  -3.246828179886E-05  -4.767737599824E-02
     496  -2.924047935182E-05  -4.293757634179E-02
     497  -1.954730724063E-05  -2.870383849808E-02
     498  -3.976274857000E-06  -5.838878466188E-03
     499   1.405259066490E-05   2.063523573654E-02
     500   2.950258635291E-05   4.332246193938E-02
     501   3.795700743157E-05   5.573718148357E-02
     502   3.734057406421E-05   5.483199267143E-02
     503   2.852136985080E-05   4.188161488758E-02
     504   1.478238572848E-05   2.170688818380E-02
     505   4.658518235826E-07   6.840704626750E-04
     506  -1.055420713348E-05  -1.549810689040E-02
     507  -1.605874676039E-05  -2.358113410801E-02
     508  -1.591952911403E-05  -2.337670283838E-02
     509  -1.161006706091E-05  -1.704856253426E-02
     510  -5.375374565508E-06  -7.893357458172E-03
     511   3.372679514810E-07   4.952541386245E-04
     512   3.445766372127E-06   5.059864268264E-03
     513   3.036275936863E-06   4.458556519036E-03
     514  -1.959072284447E-07  -2.876759124242E-04
     515  -4.548815076145E-06  -6.679613293839E-03
     516  -8.551547510627E-06  -1.255734284175E-02
     517  -1.169272841539E-05  -1.716994488835E-02
     518  -1.413426568879E-05  -2.075516973391E-02
     519  -1.592838236578E-05  -2.338970321255E-02
     520  -1.670021615875E-05  -2.452308656137E-02
     521  -1.614853075549E-05  -2.371297555622E-02
     522  -1.477626815061E-05  -2.169790495327E-02
     523  -1.390272997381E-05  -2.041517590828E-02
     524  -1.462729625163E-05  -2.147915025337E-02
     525  -1.669383158635E-05  -2.451371126825E-02
     526  -1.861024590688E-05  -2.732783018882E-02
     527  -1.883743511537E-05  -2.766144147700E-02
     528  -1.671602718887E-05  -2.454630394111E-02
     529  -1.228905856771E-05  -1.804561355068E-02
     530  -5.751291150404E-06  -8.445364382132E-03
     531   2.404933737991E-06   3.531475142028E-03
     532   1.090006283046E-05   1.600597152605E-02
     533   1.781999155725E-05   2.616739755505E-02
     534   2.148356096927E-05   3.154709018660E-02
     535   2.106818077078E-05   3.093713373654E-02
     536   1.651211892498E-05   2.424687907388E-02
     537   8.374873023352E-06   1.229790884979E-02
     538  -1.863990929984E-06  -2.737138878389E-03
     539  -1.174987792783E-05  -1.725386490633E-02
     540  -1.872481844119E-05  -2.749607185406E-02
     541  -2.151809150349E-05  -3.159779583447E-02
     542  -2.084872634170E-05  -3.061488042501E-02
     543  -1.883087300998E-05  -2.765180548924E-02
     544  -1.762818414661E-05  -2.588574193519E-02
     545  -1.823901857184E-05  -2.678270909669E-02
     546  -2.020582686042E-05  -2.967082799599E-02
     547  -2.224381873167E-05  -3.266347495308E-02
     548  -2.284763051749E-05  -3.355012986519E-02
     549  -2.057878691573E-05  -3.021849346532E-02
     550  -1.462692994014E-05  -2.147861235085E-02
     551  -5.501171920815E-06  -8.078081979344E-03
     552   4.940941078125E-06   7.255422600625E-03
     553   1.423108667332E-05   2.089734450349E-02
     554   2.025337149063E-05   2.974064392359E-02
     555   2.194539716281E-05   3.222526398051E-02
     556   1.964331550627E-05   2.884481984745E-02
     557   1.498494233997E-05   2.200432824505E-02
     558   1.010756945014E-05   1.484225103404E-02
     559   6.490371513276E-06   9.530651634839E-03
     560   4.291762721845E-06   6.302150087652E-03
     561   2.576558422666E-06   3.783493855938E-03
     562   2.326646947553E-07   3.416516525908E-04
     563  -2.958083387992E-06  -4.343736289992E-03
     564  -5.976447258667E-06  -8.775990206389E-03
     565  -7.378909644824E-06  -1.083540705273E-02
     566  -6.487466918116E-06  -9.526386442229E-03
     567  -3.784998732601E-06  -5.558003002592E-03
     568  -2.576118118241E-07  -3.782847300025E-04
     569   3.564303494221E-06   5.233927650331E-03
     570   7.921413524254E-06   1.163203563937E-02
     571   1.320278022282E-05   1.938734919221E-02
     572   1.912142549337E-05   2.807846126621E-02
     573   2.456601985140E-05   3.607346309518E-02
     574   2.807445767090E-05   4.122535595243E-02
     575   2.838680768394E-05   4.168401986041E-02
     576   2.493072408836E-05   3.660900547902E-02
     577   1.824878914802E-05   2.679705649694E-02
     578   9.936545383721E-06   1.459111428557E-02
     579   2.010699256986E-06   2.952569682885E-03
     580  -3.768677934054E-06  -5.534037063965E-03
     581  -6.344412056318E-06  -9.316320493049E-03
     582  -5.577481744437E-06  -8.190137559485E-03
     583  -2.297533083791E-06  -3.373764875607E-03
     584   1.927964425775E-06   2.831079433409E-03
     585   5.355515443711E-06   7.864195742047E-03
     586   6.498464708834E-06   9.542535920248E-03
     587   4.377689222460E-06   6.428327077965E-03
     588  -1.079857437649E-06  -1.585694290762E-03
     589  -8.544913703080E-06  -1.254760156444E-02
     590  -1.518632674104E-05  -2.230004699818E-02
     591  -1.758743529562E-05  -2.582590512884E-02
     592  -1.337163097526E-05  -1.963529458277E-02
     593  -2.269521025626E-06  -3.332631148916E-03
     594   1.391141465165E-05   2.042792874360E-02
     595   3.200024459924E-05   4.699009646537E-02
     596   4.837521707463E-05   7.103558567563E-02
     597   5.981385146253E-05   8.783241145152E-02
     598   6.429193211335E-05   9.440815624339E-02
     599   6.166746543110E-05   9.055431249584E-02
     600   5.365547043648E-05   7.878926437222E-02
     601   4.286129715490E-05   6.293878416129E-02
     602   3.167441392156E-05   4.651163715460E-02
     603   2.183173644371E-05   3.205836125142E-02
     604   1.450499560288E-05   2.129956039853E-02
     605   1.026384105380E-05   1.507172483409E-02
     606   8.787959512251E-06   1.290449714951E-02
     607   8.920207640902E-06   1.309869417520E-02
     608   9.513451472906E-06   1.396983079439E-02
     609   1.031284975320E-05   1.514369064377E-02
     610   1.176202393971E-05   1.727170046594E-02
     611   1.407373849550E-05   2.066628983041E-02
     612   1.689614025495E-05   2.481078724290E-02
     613   1.979656218251E-05   2.906985175548E-02
     614   2.265052488463E-05   3.326069418062E-02
     615   2.546996685023E-05   3.740084534512E-02
     616   2.795466587454E-05   4.104945016993E-02
     617   2.937677235237E-05   4.313771297585E-02
     618   2.887485377517E-05   4.240068103576E-02
     619   2.564654363318E-05   3.766013586518E-02
     620   1.911764806173E-05   2.807291437494E-02
     621   9.544042003699E-06   1.401475082581E-02
     622  -1.431246478122E-06  -2.101684250073E-03
     623  -1.132866040120E-05  -1.663533675266E-02
     624  -1.838224387277E-05  -2.699302532369E-02
     625  -2.253189038864E-05  -3.308648781187E-02
     626  -2.475784973136E-05  -3.635515170967E-02
     627  -2.575506114895E-05  -3.781948616384E-02
     628  -2.547471751288E-05  -3.740782135731E-02
     629  -2.351646712156E-05  -3.453226912501E-02
     630  -1.966784681268E-05  -2.888084233632E-02
     631  -1.424262422992E-05  -2.091428658955E-02
     632  -8.094225846720E-06  -1.188579831540E-02
     633  -2.345237557670E-06  -3.443815522327E-03
     634   1.872158292211E-06   2.749132072308E-03
     635   3.650009968303E-06   5.359781547239E-03
     636   2.676748411104E-06   3.930615769553E-03
     637  -4.656256158242E-07  -6.837382925769E-04
     638  -4.272761032212E-06  -6.274247450031E-03
     639  -6.766621381755E-06  -9.936305033146E-03
     640  -6.611254569331E-06  -9.708159855047E-03
     641  -4.137372590061E-06  -6.075439096012E-03
     642  -1.087546430127E-06  -1.596985032529E-03
     643   6.671926157851E-07   9.797251792717E-04
     644   2.263098209227E-07   3.323199697190E-04
     645  -1.951637560288E-06  -2.865841757521E-03
     646  -4.370992136682E-06  -6.418492881051E-03
     647  -5.475704074436E-06  -8.040684247761E-03
     648  -4.729450489159E-06  -6.944863625170E-03
     649  -2.866598683413E-06  -4.209397470177E-03
     650  -1.063450655698E-06  -1.561602091586E-03
     651   1.706705421838E-07   2.506176231293E-04
     652   1.446927681647E-06   2.124710988634E-03
     653   4.163143141170E-06   6.113281328087E-03
     654   9.773548909861E-06   1.435176548914E-02
     655   1.891438827630E-05   2.777444175248E-02
     656   3.067707917180E-05   4.504712159584E-02
     657   4.243690406733E-05   6.231559292091E-02
     658   5.079403000672E-05   7.458744143279E-02
     659   5.352262855097E-05   7.859419545657E-02
     660   5.100332568020E-05   7.489477733006E-02
     661   4.582548957042E-05   6.729149112624E-02
     662   4.080314870870E-05   5.991653869915E-02
     663   3.687262103458E-05   5.414483673626E-02
     664   3.273555246897E-05   4.806984407865E-02
     665   2.669638253910E-05   3.920175006470E-02
     666   1.867044599850E-05   2.741622976663E-02
     667   1.018849722842E-05   1.496108775406E-02
     668   2.902428531155E-06   4.262011068068E-03
     669  -2.339226972458E-06  -3.434989402950E-03
     670  -5.218294098692E-06  -7.662695899770E-03
     671  -5.334865722504E-06  -7.833873086590E-03
     672  -2.028205596719E-06  -2.978276504914E-03
     673   5.050304773050E-06   7.416015453545E-03
     674   1.494515616956E-05   2.194590506706E-02
     675   2.514582029783E-05   3.692485905324E-02
     676   3.278053611246E-05   4.813589937834E-02
     677   3.635387896213E-05   5.338310068297E-02
     678   3.655717250114E-05   5.368162287018E-02
     679   3.551636708860E-05   5.215327371694E-02
     680   3.504032045792E-05   5.145423290090E-02
     681   3.540297815892E-05   5.198677009141E-02
     682   3.568939519767E-05   5.240735326034E-02
     683   3.503985970734E-05   5.145355632126E-02
     684   3.341857453968E-05   4.907281369319E-02
     685   3.135182831552E-05   4.603794300207E-02
     686   2.918067612731E-05   4.284975953527E-02
     687   2.669807451681E-05   3.920423461433E-02
     688   2.359458879964E-05   3.464698528530E-02
     689   2.029636283877E-05   2.980377367843E-02
     690   1.806213779861E-05   2.652297218839E-02
     691   1.797106299364E-05   2.638923527717E-02
     692   1.988887136245E-05   2.920540125906E-02
     693   2.225146031980E-05   3.267469608491E-02
     694   2.283389291606E-05   3.352995716887E-02
     695   2.008161406818E-05   2.948843029365E-02
     696   1.394288024628E-05   2.047413374439E-02
     697   5.659725163783E-06   8.310906205386E-03
     698  -2.876084471158E-06  -4.223326678743E-03
     699  -9.519572845426E-06  -1.397881959710E-02
     700  -1.237907954655E-05  -1.817780299275E-02
     701  -1.059311509768E-05  -1.555524048465E-02
     702  -4.425349585745E-06  -6.498312951399E-03
     703   5.365812054579E-06   7.879315587036E-03
     704   1.771161847821E-05   2.600825935152E-02
     705   3.083808726633E-05   4.528355059782E-02
     706   4.220015088735E-05   6.196793761686E-02
     707   4.925687154758E-05   7.233023292760E-02
     708   5.077394037442E-05   7.455794122830E-02
     709   4.768041716935E-05   7.001532114384E-02
     710   4.257896481128E-05   6.252419907832E-02
     711   3.812631447748E-05   5.598579690883E-02
     712   3.561926707172E-05   5.230437506612E-02
     713   3.467618684920E-05   5.091952844429E-02
     714   3.391911133854E-05   4.980781658948E-02
     715   3.223795933740E-05   4.733916374962E-02
     716   2.972864405780E-05   4.365441169452E-02
     717   2.744928117115E-05   4.030732846861E-02
     718   2.638708066906E-05   3.874756213921E-02
     719   2.671683795996E-05   3.923178740384E-02
     720   2.773193447421E-05   4.072238485782E-02
     721   2.825124768806E-05   4.148495959187E-02
     722   2.729203247758E-05   4.007641988111E-02
     723   2.451113042023E-05   3.599286184673E-02
     724   2.020985145797E-05   2.967673783291E-02
     725   1.531515669399E-05   2.248922467455E-02
     726   1.137108732407E-05   1.669763768890E-02
     727   1.000122739487E-05   1.468609524529E-02
     728   1.179958188147E-05   1.732685164771E-02
     729   1.543184510530E-05   2.266057335555E-02
     730   1.784944940241E-05   2.621065431772E-02
     731   1.574393411379E-05   2.311885399679E-02
     732   7.350227688547E-06   1.079328962803E-02
     733  -6.444459628232E-06  -9.463233278068E-03
     734  -2.233893653950E-05  -3.280314872812E-02
     735  -3.614674690256E-05  -5.307894189975E-02
     736  -4.469242239930E-05  -6.562766210432E-02
     737  -4.691912256926E-05  -6.889741385453E-02
     738  -4.375123744822E-05  -6.424559855459E-02
     739  -3.716703239512E-05  -5.457715900146E-02
     740  -2.933375230928E-05  -4.307454108452E-02
     741  -2.214487782661E-05  -3.251818723007E-02
     742  -1.678383251597E-05  -2.464587126946E-02
     743  -1.332928089700E-05  -1.957310648741E-02
     744  -1.109695285720E-05  -1.629509060828E-02
     745  -9.682252623966E-06  -1.421770334884E-02
     746  -9.628616193643E-06  -1.413894204353E-02
     747  -1.199899506532E-05  -1.761967580774E-02
     748  -1.726233706857E-05  -2.534852137002E-02
     749  -2.458469970632E-05  -3.610089314129E-02
     750  -3.206805944985E-05  -4.708967777833E-02
     751  -3.762395955509E-05  -5.524812422669E-02
     752  -3.987596520630E-05  -5.855503528678E-02
     753  -3.853983875870E-05  -5.659302807562E-02
     754  -3.415688489057E-05  -5.015697023774E-02
     755  -2.763540049643E-05  -4.058063153734E-02
     756  -2.002105691099E-05  -2.939950639029E-02
     757  -1.253070085111E-05  -1.840044815741E-02
     758  -6.685459331345E-06  -9.817124301066E-03
     759  -4.158791108901E-06  -6.106890676431E-03
     760  -6.108671717940E-06  -8.970152475276E-03
     761  -1.236702062445E-05  -1.816009531834E-02
     762  -2.122503989078E-05  -3.116747026280E-02
     763  -3.003958438090E-05  -4.411100557250E-02
     764  -3.622001668718E-05  -5.318653339757E-02
     765  -3.822744538938E-05  -5.613430050201E-02
     766  -3.644633266359E-05  -5.351886240619E-02
     767  -3.341616469281E-05  -4.906927500346E-02
     768  -3.266040529899E-05  -4.795949577318E-02
     769  -3.646518497098E-05  -5.354654568655E-02
     770  -4.429135649130E-05  -6.503872517767E-02
     771  -5.301550217588E-05  -7.784951623351E-02
     772  -5.863080142770E-05  -8.609518612853E-02
     773  -5.812815452165E-05  -8.535708468901E-02
     774  -5.080720566405E-05  -7.460678895394E-02
     775  -3.874195706014E-05  -5.688982450955E-02
     776  -2.607160454864E-05  -3.828430776360E-02
     777  -1.722859762994E-05  -2.529897739011E-02
     778  -1.504019540658E-05  -2.208546346643E-02
     779  -1.977082722580E-05  -2.903206179126E-02
     780  -2.935982365451E-05  -4.311282501148E-02
     781  -4.044317647259E-05  -5.938794492397E-02
     782  -4.978596651902E-05  -7.310717148100E-02
     783  -5.550713684188E-05  -8.150830555772E-02
     784  -5.735282981643E-05  -8.421857518240E-02
     785  -5.615973407937E-05  -8.246659845600E-02
     786  -5.334029928527E-05  -7.832645782234E-02
     787  -5.062226032489E-05  -7.433520980081E-02
     788  -4.948868879047E-05  -7.267064015705E-02
     789  -5.049170288995E-05  -7.414349543929E-02
     790  -5.316985559517E-05  -7.807617331545E-02
     791  -5.660382793276E-05  -8.311871887795E-02
     792  -5.997859005841E-05  -8.807431843096E-02
     793  -6.268951698533E-05  -9.205512293422E-02
     794  -6.410821707510E-05  -9.413838370016E-02
     795  -6.343303320946E-05  -9.314692393553E-02
     796  -5.999425541952E-05  -8.809732190606E-02
     797  -5.405764214497E-05  -7.937982508869E-02
     798  -4.726508182909E-05  -6.940543056492E-02
     799  -4.172408321823E-05  -6.126886590738E-02
     800  -3.831008023119E-05  -5.625564392414E-02
     801  -3.619784924087E-05  -5.315398207013E-02
     802  -3.419275228551E-05  -5.020963897103E-02
     803  -3.209231492465E-05  -4.712529522798E-02
     804  -3.053304985797E-05  -4.483562473276E-02
     805  -2.992637590782E-05  -4.394476693472E-02
     806  -2.999054034916E-05  -4.403898787977E-02
     807  -3.008803445034E-05  -4.418215107358E-02
     808  -2.976254774316E-05  -4.370419685916E-02
     809  -2.911493654325E-05  -4.275322560450E-02
     810  -2.873034223682E-05  -4.218847606007E-02
     811  -2.909919354645E-05  -4.273010812689E-02
     812  -3.009680723869E-05  -4.419503329295E-02
     813  -3.119690931220E-05  -4.581045539997E-02
     814  -3.215921345408E-05  -4.722353098807E-02
     815  -3.300434549327E-05  -4.846454762855E-02
     816  -3.327869729829E-05  -4.886741385488E-02
     817  -3.199572057557E-05  -4.698345325650E-02
     818  -2.849657880778E-05  -4.184521099387E-02
     819  -2.319694388762E-05  -3.406307184937E-02
     820  -1.756606915375E-05  -2.579453046030E-02
     821  -1.348113794350E-05  -1.979609782243E-02
     822  -1.238306756671E-05  -1.818365911836E-02
     823  -1.480900433882E-05  -2.174597573088E-02
     824  -2.037529145960E-05  -2.991967477709E-02
     825  -2.772247823925E-05  -4.070849904543E-02
     826  -3.457054215143E-05  -5.076439667572E-02
     827  -3.846470474072E-05  -5.648269908292E-02
     828  -3.779252552390E-05  -5.549565143262E-02
     829  -3.233470891554E-05  -4.748123366398E-02
     830  -2.330680623653E-05  -3.422439694041E-02
     831  -1.292258789553E-05  -1.897590657190E-02
     832  -3.695770508230E-06  -5.426977664407E-03
     833   2.267452491190E-06   3.329593652362E-03
     834   4.083485389113E-06   5.996309551769E-03
     835   2.735981536613E-06   4.017595426005E-03
     836   8.975874531109E-07   1.318043706728E-03
     837   1.675531133539E-06   2.460398993251E-03
     838   6.779310587666E-06   9.954938234776E-03
     839   1.534274926838E-05   2.252974241898E-02
     840   2.437508413390E-05   3.579308749505E-02
     841   3.049650648904E-05   4.478196337945E-02
     842   3.160280946205E-05   4.640649106894E-02
     843   2.735789679810E-05   4.017313697855E-02
     844   1.858278279637E-05   2.728750255294E-02
     845   6.529647743157E-06   9.588326001207E-03
     846  -7.449727632003E-06  -1.093939825938E-02
     847  -2.198960906280E-05  -3.229018602943E-02
     848  -3.572362208661E-05  -5.245761302657E-02
     849  -4.721572177941E-05  -6.933294882220E-02
     850  -5.497556280120E-05  -8.072772666645E-02
     851  -5.778996032336E-05  -8.486047042244E-02
     852  -5.514181673119E-05  -8.097185880686E-02
     853  -4.752827260427E-05  -6.979190760811E-02
     854  -3.659711845354E-05  -5.374028067672E-02
     855  -2.494879175866E-05  -3.663553657530E-02
     856  -1.529307158559E-05  -2.245679425450E-02
     857  -9.266651145586E-06  -1.360742196491E-02
     858  -6.632923347338E-06  -9.739978923356E-03
     859  -5.387670197031E-06  -7.911412723643E-03
     860  -3.018626302698E-06  -4.432639279266E-03
     861   1.700449257787E-06   2.496989496754E-03
     862   7.612122355845E-06   1.117786342845E-02
     863   1.170612387399E-05   1.718961517211E-02
     864   1.104237434918E-05   1.621494592848E-02
     865   4.500657779287E-06   6.608897708593E-03
     866  -7.004466426425E-06  -1.028556366328E-02
     867  -2.136213835794E-05  -3.136878966763E-02
     868  -3.604384785802E-05  -5.292784192880E-02
     869  -4.871267258342E-05  -7.153111522889E-02
     870  -5.776789330053E-05  -8.482806655978E-02
     871  -6.257520336465E-05  -9.188726146535E-02
     872  -6.316947851657E-05  -9.275991250490E-02
     873  -5.979491748527E-05  -8.780460824474E-02
     874  -5.265625839106E-05  -7.732199213753E-02
     875  -4.208642902292E-05  -6.180094510019E-02
     876  -2.918311654639E-05  -4.285334311813E-02
     877  -1.616876381216E-05  -2.374268636926E-02
     878  -5.591571165057E-06  -8.210826877407E-03
     879   1.038781889609E-06   1.525377752905E-03
     880   3.980855972613E-06   5.845605510537E-03
     881   4.964049285904E-06   7.289355369772E-03
     882   6.076902475821E-06   8.923501589619E-03
     883   8.517852935281E-06   1.250786474039E-02
     884   1.206097129684E-05   1.771068352140E-02
     885   1.566169952677E-05   2.299809832053E-02
     886   1.849586428537E-05   2.715986886552E-02
     887   2.029817873728E-05   2.980644019698E-02
     888   2.099388306127E-05   3.082803280371E-02
     889   2.050010236364E-05   3.010295076433E-02
     890   1.901658747975E-05   2.792451405627E-02
     891   1.736618399307E-05   2.550101323567E-02
     892   1.694388225064E-05   2.488089298775E-02
     893   1.914274551418E-05   2.810976820924E-02
     894   2.436582912431E-05   3.577949716788E-02
     895   3.123564892414E-05   4.586734178084E-02
     896   3.686012205280E-05   5.412648286531E-02
     897   3.830009177178E-05   5.624097657777E-02
     898   3.429789155617E-05   5.036402855564E-02
     899   2.602726073731E-05   3.821919201220E-02
     900   1.618229251389E-05   2.376255231113E-02
     901   7.086886996251E-06   1.040659244214E-02
     902  -4.983418472779E-07  -7.317797651109E-04
     903  -7.071777693623E-06  -1.038440549960E-02
     904  -1.328922319559E-05  -1.951428458537E-02
     905  -1.906919111287E-05  -2.800175877192E-02
     906  -2.344464076149E-05  -3.442679719406E-02
     907  -2.531367457692E-05  -3.717134119315E-02
     908  -2.436515419040E-05  -3.577850607517E-02
     909  -2.135520396211E-05  -3.135860699769E-02
     910  -1.769546722211E-05  -2.598454237398E-02
     911  -1.490503959767E-05  -2.188699671787E-02
     912  -1.417810941623E-05  -2.081955114747E-02
     913  -1.588926725193E-05  -2.333226543368E-02
     914  -1.917862961306E-05  -2.816246147109E-02
     915  -2.223480252339E-05  -3.265023528874E-02
     916  -2.339925368363E-05  -3.436014947953E-02
     917  -2.220377885000E-05  -3.260467921806E-02
     918  -1.944932058114E-05  -2.855995201722E-02
     919  -1.648649182254E-05  -2.420924748604E-02
     920  -1.447170083214E-05  -2.125066938196E-02
     921  -1.388456146171E-05  -2.038849673295E-02
     922  -1.431048812862E-05  -2.101393992615E-02
     923  -1.463040232098E-05  -2.148371129659E-02
     924  -1.375957038126E-05  -2.020495616939E-02
     925  -1.138747845949E-05  -1.672170691225E-02
     926  -7.980286029731E-06  -1.171848575080E-02
     927  -4.268057958051E-06  -6.267341318178E-03
     928  -7.037485622560E-07  -1.033405001803E-03
     929   2.836000629230E-06   4.164466391190E-03
     930   6.844886865318E-06   1.005123236163E-02
     931   1.158947211898E-05   1.701832031830E-02
     932   1.667238151951E-05   2.448221336183E-02
     933   2.128457624069E-05   3.125489518284E-02
     934   2.505407596693E-05   3.679013899052E-02
     935   2.836291055155E-05   4.164892861125E-02
     936   3.167466049381E-05   4.651199922851E-02
     937   3.468465260263E-05   5.093195980458E-02
     938   3.621874488159E-05   5.318466584100E-02
     939   3.508990897573E-05   5.152705013292E-02
     940   3.089301049069E-05   4.536420146919E-02
     941   2.398791728753E-05   3.522456035762E-02
     942   1.531324364753E-05   2.248641550110E-02
     943   6.330762736407E-06   9.296277431899E-03
     944  -1.294106629209E-06  -1.900304079065E-03
     945  -6.072498753002E-06  -8.917035034045E-03
     946  -7.033437647899E-06  -1.032810585347E-02
     947  -4.371593416272E-06  -6.419375817612E-03
     948   1.848479965497E-07   2.714362123816E-04
     949   4.211393220770E-06   6.184133158229E-03
     950   5.973170034357E-06   8.771177834222E-03
     951   5.062271349483E-06   7.433587524883E-03
     952   2.162704090220E-06   3.175778032268E-03
     953  -1.526256856204E-06  -2.241200272128E-03
     954  -4.790837484666E-06  -7.035006087414E-03
     955  -6.824983656055E-06  -1.002200590618E-02
     956  -7.548310209970E-06  -1.108415980437E-02
     957  -7.486176854161E-06  -1.099292136480E-02
     958  -7.214081286069E-06  -1.059336826286E-02
     959  -6.910378389870E-06  -1.014740203454E-02
     960  -6.406549559280E-06  -9.407565022423E-03
     961  -5.594916174788E-06  -8.215738787672E-03
     962  -4.896461218019E-06  -7.190107071218E-03
     963  -5.254599638271E-06  -7.716008017487E-03
     964  -7.569204045763E-06  -1.111484092484E-02
     965  -1.221197746145E-05  -1.793242539653E-02
     966  -1.880499183478E-05  -2.761380081351E-02
     967  -2.610687593202E-05  -3.833610129607E-02
     968  -3.218004655258E-05  -4.725412292011E-02
     969  -3.520831192535E-05  -5.170091649219E-02
     970  -3.480583596471E-05  -5.110990900296E-02
     971  -3.249485591127E-05  -4.771639820326E-02
     972  -3.041343636206E-05  -4.465998077186E-02
     973  -2.957894610177E-05  -4.343459083121E-02
     974  -2.964224278591E-05  -4.352753753616E-02
     975  -2.989268835278E-05  -4.389529914217E-02
     976  -3.008114166810E-05  -4.417202951024E-02
     977  -3.048273544585E-05  -4.476174157628E-02
     978  -3.142012404819E-05  -4.613823045633E-02
     979  -3.259658542796E-05  -4.786578080525E-02
     980  -3.292340676223E-05  -4.834569482519E-02
     981  -3.125790439826E-05  -4.590002237091E-02
     982  -2.735183122081E-05  -4.016423010721E-02
     983  -2.213156419165E-05  -3.249863709854E-02
     984  -1.729324640082E-05  -2.539390953884E-02
     985  -1.452436724013E-05  -2.132800627807E-02
     986  -1.472843481892E-05  -2.162766508796E-02
     987  -1.768410685372E-05  -2.596786047629E-02
     988  -2.233114217932E-05  -3.279170326133E-02
     989  -2.748072764480E-05  -4.035350539160E-02
     990  -3.225401205489E-05  -4.736273603017E-02
     991  -3.595868582814E-05  -5.280278750971E-02
     992  -3.810530213342E-05  -5.595494176735E-02
     993  -3.899883796931E-05  -5.726703596068E-02
     994  -3.990693598412E-05  -5.860051368407E-02
     995  -4.191661256270E-05  -6.155158163603E-02
     996  -4.471441795154E-05  -6.565996101748E-02
     997  -4.680492399749E-05  -6.872972132684E-02
     998  -4.670370127589E-05  -6.858108291761E-02
     999  -4.400475933658E-05  -6.461787752118E-02
    1000  -3.982812552197E-05  -5.848478609306E-02
